aerospike 3.7.0.2 31 [13 13 13 13 31 31 31 31 31 31 31]
aerospike latest 31 [13 13 13 13 31 31 31 31 31 31 31]
alpine 2.6 0 [0]
alpine 2.7 0 [0]
alpine 3.1 0 [0]
alpine 3.2 0 [0]
alpine 3.3 0 [0]
alpine latest 0 [0]
alpine edge 0 [0]
arangodb 2.5.5 24 [24 24 24 24 24 24 24 24 24 24 24 24 24 24]
arangodb 2.5 24 [24 24 24 24 24 24 24 24 24 24 24 24 24 24]
arangodb 2.6 25 [24 24 24 24 24 24 24 24 24 24 25 25 25 25]
arangodb 2.6.10 25 [24 24 24 24 24 24 24 24 24 24 25 25 25 25]
arangodb 2.7 25 [24 24 24 24 24 24 24 24 24 24 25 25 25 25]
arangodb 2.7.2 25 [24 24 24 24 24 24 24 24 24 24 25 25 25 25]
arangodb latest 25 [24 24 24 24 24 24 24 24 24 24 25 25 25 25]
bonita 7.0.0 3 [1 1 1 1 1 3 3 3 3 3 3 3 3 3 3 3 3 3 3 3 3 3 3]
bonita 7.0.1 3 [1 1 1 1 1 3 3 3 3 3 3 3 3 3 3 3 3 3 3 3 3 3 3]
bonita 7.0.2 3 [1 1 1 1 1 3 3 3 3 3 3 3 3 3 3 3 3 3 3 3 3 3 3]
bonita 7.0.3 3 [1 1 1 1 1 3 3 3 3 3 3 3 3 3 3 3 3 3 3 3 3 3 3]
bonita latest 3 [1 1 1 1 1 3 3 3 3 3 3 3 3 3 3 3 3 3 3 3 3 3 3]
buildpack-deps jessie-curl 27 [24 24 27]
buildpack-deps curl 27 [24 24 27]
buildpack-deps jessie-scm 31 [24 24 27 31]
buildpack-deps scm 31 [24 24 27 31]
buildpack-deps jessie 63 [24 24 27 31 63]
buildpack-deps latest 63 [24 24 27 31 63]
buildpack-deps precise-curl 1 [1 1 1 1 1]
buildpack-deps precise-scm 2 [1 1 1 1 1 2]
buildpack-deps precise 6 [1 1 1 1 1 2 6]
buildpack-deps sid-curl 18 [17 17 18]
buildpack-deps sid-scm 18 [17 17 18 18]
buildpack-deps sid 42 [17 17 18 18 42]
buildpack-deps stretch-curl 25 [20 20 25]
buildpack-deps stretch-scm 25 [20 20 25 25]
buildpack-deps stretch 49 [20 20 25 25 49]
buildpack-deps trusty-curl 1 [1 1 1 1 1]
buildpack-deps trusty-scm 1 [1 1 1 1 1 1]
buildpack-deps trusty 5 [1 1 1 1 1 1 5]
buildpack-deps vivid-curl 0 [0 0 0 0 0]
buildpack-deps vivid-scm 0 [0 0 0 0 0 0]
buildpack-deps vivid 2 [0 0 0 0 0 0 2]
buildpack-deps wheezy-curl 22 [13 13 22]
buildpack-deps wheezy-scm 46 [13 13 22 46]
buildpack-deps wheezy 87 [13 13 22 46 87]
buildpack-deps wily-curl 0 [0 0 0 0 0]
buildpack-deps wily-scm 0 [0 0 0 0 0 0]
buildpack-deps wily 0 [0 0 0 0 0 0 0]
busybox 1.21.0-ubuntu 0 [0 0]
busybox 1.21-ubuntu 0 [0 0]
busybox 1-ubuntu 0 [0 0]
busybox ubuntu 0 [0 0]
busybox 1.24.1 0 [0 0]
busybox 1.24 0 [0 0]
busybox 1 0 [0 0]
busybox latest 0 [0 0]
cassandra 2.1.12 44 [24 24 24 24 24 24 44 44 44 44 44 44 44]
cassandra 2.1 44 [24 24 24 24 24 24 44 44 44 44 44 44 44]
cassandra 2.2.4 44 [24 24 24 24 24 24 44 44 44 44 44 44 44]
cassandra 2.2 44 [24 24 24 24 24 24 44 44 44 44 44 44 44]
cassandra 2 44 [24 24 24 24 24 24 44 44 44 44 44 44 44]
cassandra 3.0.2 30 [24 24 24 24 24 24 30 30 30 30 30 30 30]
cassandra 3.0 30 [24 24 24 24 24 24 30 30 30 30 30 30 30]
cassandra 3 30 [24 24 24 24 24 24 30 30 30 30 30 30 30]
cassandra latest 30 [24 24 24 24 24 24 30 30 30 30 30 30 30]
celery 3.1.19 25 [24 24 24 24 24 24 24 24 25 25 25 25 25 25 25 25 25 25 25 25]
celery 3.1 25 [24 24 24 24 24 24 24 24 25 25 25 25 25 25 25 25 25 25 25 25]
celery 3 25 [24 24 24 24 24 24 24 24 25 25 25 25 25 25 25 25 25 25 25 25]
celery latest 25 [24 24 24 24 24 24 24 24 25 25 25 25 25 25 25 25 25 25 25 25]
centos latest 0 [0 0 0 0]
centos centos7 0 [0 0 0 0]
centos 7 0 [0 0 0 0]
centos centos6 0 [0 0 0 0 0]
centos 6 0 [0 0 0 0 0]
centos centos5 0 [0 0]
centos 5 0 [0 0]
centos centos7.2.1511 0 [0 0 0 0 0 0]
centos 7.2.1511 0 [0 0 0 0 0 0]
centos centos7.1.1503 0 [0 0 0]
centos 7.1.1503 0 [0 0 0]
centos centos7.0.1406 0 [0 0]
centos 7.0.1406 0 [0 0]
centos centos6.7 0 [0 0 0 0 0]
centos 6.7 0 [0 0 0 0 0]
centos centos6.6 0 [0 0]
centos 6.6 0 [0 0]
centos centos5.11 0 [0 0]
centos 5.11 0 [0 0]
cirros latest 0 [0 0 0 0 0]
cirros 0.3.3 0 [0 0 0 0 0]
clojure latest 49 [24 24 27 31 31 31 31 31 31 31 49 49 49 49 49 49 49 49 49 49]
clojure onbuild 49 [24 24 27 31 31 31 31 31 31 31 49 49 49 49 49 49 49 49 49 49 49 49 49 49 49 49]
clojure lein-2.5.3 49 [24 24 27 31 31 31 31 31 31 31 49 49 49 49 49 49 49 49 49 49]
clojure lein-2.5.3-onbuild 49 [24 24 27 31 31 31 31 31 31 31 49 49 49 49 49 49 49 49 49 49 49 49 49 49 49 49]
couchbase latest 1 [1 1 1 1 1 1 1 1 1 1 1 1 1 1 1]
couchbase enterprise 1 [1 1 1 1 1 1 1 1 1 1 1 1 1 1 1]
couchbase 4.1.0 1 [1 1 1 1 1 1 1 1 1 1 1 1 1 1 1]
couchbase enterprise-4.1.0 1 [1 1 1 1 1 1 1 1 1 1 1 1 1 1 1]
couchbase 4.0.0 1 [1 1 1 1 1 1 1 1 1 1 1 1 1 1 1]
couchbase enterprise-4.0.0 1 [1 1 1 1 1 1 1 1 1 1 1 1 1 1 1]
couchbase community-4.0.0 1 [1 1 1 1 1 1 1 1 1 1 1 1 1 1 1]
couchbase community 1 [1 1 1 1 1 1 1 1 1 1 1 1 1 1 1]
couchbase 3.1.0 1 [1 1 1 1 1 1 1 1 1 1 1 1 1 1 1]
couchbase enterprise-3.1.0 1 [1 1 1 1 1 1 1 1 1 1 1 1 1 1 1]
couchbase 3.0.3 1 [1 1 1 1 1 1 1 1 1 1 1 1 1 1 1]
couchbase enterprise-3.0.3 1 [1 1 1 1 1 1 1 1 1 1 1 1 1 1 1]
couchbase 3.0.2 1 [1 1 1 1 1 1 1 1 1 1 1 1 1 1 1]
couchbase enterprise-3.0.2 1 [1 1 1 1 1 1 1 1 1 1 1 1 1 1 1]
couchbase community-3.0.1 1 [1 1 1 1 1 1 1 1 1 1 1 1 1 1 1]
couchbase 2.5.2 1 [1 1 1 1 1 1 1 1 1 1 1 1 1 1 1]
couchbase enterprise-2.5.2 1 [1 1 1 1 1 1 1 1 1 1 1 1 1 1 1]
couchbase community-2.2.0 1 [1 1 1 1 1 1 1 1 1 1 1 1 1 1 1]
crate latest 32 [24 24 27 27 27 27 27 27 27 30 30 30 30 32 32 32 32 32 32 32 32 32 32]
crate 0.51 30 [24 24 27 27 27 27 27 27 27 30 30 30 30 30 30 30 30 30 30 30 30 30]
crate 0.51.7 30 [24 24 27 27 27 27 27 27 27 30 30 30 30 30 30 30 30 30 30 30 30 30]
crate 0.52 32 [24 24 27 27 27 27 27 27 27 30 30 30 30 32 32 32 32 32 32 32 32 32 32]
crate 0.52.4 32 [24 24 27 27 27 27 27 27 27 30 30 30 30 32 32 32 32 32 32 32 32 32 32]
crux latest 0 [0 0 0]
crux 3.1 0 [0 0 0]
debian 8.2 24 [24 24]
debian 8 24 [24 24]
debian jessie 24 [24 24]
debian latest 24 [24 24]
debian jessie-backports 24 [24 24 24]
debian oldstable 13 [13 13]
debian oldstable-backports 13 [13 13 13]
debian sid 17 [17 17]
debian 6.0.10 24 [24 24]
debian 6.0 24 [24 24]
debian 6 24 [24 24]
debian squeeze 24 [24 24]
debian stable 24 [24 24]
debian stable-backports 24 [24 24 24]
debian stretch 20 [20 20]
debian testing 20 [20 20]
debian unstable 17 [17 17]
debian 7.9 13 [13 13]
debian 7 13 [13 13]
debian wheezy 13 [13 13]
debian wheezy-backports 13 [13 13 13]
debian rc-buggy 17 [17 17 17]
debian experimental 17 [17 17 17]
django 1.9-python2 40 [24 24 24 24 24 24 24 24 25 25 25 40 40 40]
django 1-python2 40 [24 24 24 24 24 24 24 24 25 25 25 40 40 40]
django python2 40 [24 24 24 24 24 24 24 24 25 25 25 40 40 40]
django python2-onbuild 63 [24 24 27 31 63 63 63 63 63 63 63 63 63 63 63 63 63 63 63 63 63]
django 1.9-python3 40 [24 24 24 24 24 24 24 24 25 25 25 40 40 40]
django 1.9 40 [24 24 24 24 24 24 24 24 25 25 25 40 40 40]
django 1-python3 40 [24 24 24 24 24 24 24 24 25 25 25 40 40 40]
django 1 40 [24 24 24 24 24 24 24 24 25 25 25 40 40 40]
django python3 40 [24 24 24 24 24 24 24 24 25 25 25 40 40 40]
django latest 40 [24 24 24 24 24 24 24 24 25 25 25 40 40 40]
django python3-onbuild 63 [24 24 27 31 63 63 63 63 63 63 63 63 63 63 63 63 63 63 63 63 63]
django onbuild 63 [24 24 27 31 63 63 63 63 63 63 63 63 63 63 63 63 63 63 63 63 63]
docker 1.9.1 0 [0 0 0 0 0 0 0 0 0]
docker 1.9 0 [0 0 0 0 0 0 0 0 0]
docker 1 0 [0 0 0 0 0 0 0 0 0]
docker latest 0 [0 0 0 0 0 0 0 0 0]
docker 1.9.1-dind 0 [0 0 0 0 0 0 0 0 0 0 0 0 0 0 0 0 0]
docker 1.9-dind 0 [0 0 0 0 0 0 0 0 0 0 0 0 0 0 0 0 0]
docker 1-dind 0 [0 0 0 0 0 0 0 0 0 0 0 0 0 0 0 0 0]
docker dind 0 [0 0 0 0 0 0 0 0 0 0 0 0 0 0 0 0 0]
docker 1.9.1-git 0 [0 0 0 0 0 0 0 0 0 0]
docker 1.9-git 0 [0 0 0 0 0 0 0 0 0 0]
docker 1-git 0 [0 0 0 0 0 0 0 0 0 0]
docker git 0 [0 0 0 0 0 0 0 0 0 0]
docker 1.8.3 0 [0 0 0 0 0 0 0 0 0]
docker 1.8 0 [0 0 0 0 0 0 0 0 0]
docker 1.8.3-dind 0 [0 0 0 0 0 0 0 0 0 0 0 0 0 0 0 0 0]
docker 1.8-dind 0 [0 0 0 0 0 0 0 0 0 0 0 0 0 0 0 0 0]
docker 1.8.3-git 0 [0 0 0 0 0 0 0 0 0 0]
docker 1.8-git 0 [0 0 0 0 0 0 0 0 0 0]
docker-dev 1.9.1 4 [1 1 1 1 1 1 1 4 4 4 4 4 4 4 4 4 4 4 4 4 4 4 4 4 4 4 4 4 4 4 4 4 4 4 4 4 4 4 4 4 4 4 4 4 4 4 4 4 4 4]
docker-dev 1.9 4 [1 1 1 1 1 1 1 4 4 4 4 4 4 4 4 4 4 4 4 4 4 4 4 4 4 4 4 4 4 4 4 4 4 4 4 4 4 4 4 4 4 4 4 4 4 4 4 4 4 4]
docker-dev 1 4 [1 1 1 1 1 1 1 4 4 4 4 4 4 4 4 4 4 4 4 4 4 4 4 4 4 4 4 4 4 4 4 4 4 4 4 4 4 4 4 4 4 4 4 4 4 4 4 4 4 4]
drupal 7.41 47 [24 24 38 47 47 47 47 47 47 47 47 47 47 47 47 47 47 47 47 47 47 47 47 47 47 47 47 47 47 47]
drupal 7 47 [24 24 38 47 47 47 47 47 47 47 47 47 47 47 47 47 47 47 47 47 47 47 47 47 47 47 47 47 47 47]
drupal 8.0.1 47 [24 24 38 47 47 47 47 47 47 47 47 47 47 47 47 47 47 47 47 47 47 47 47 47 47 47 47 47 47 47 47]
drupal 8.0 47 [24 24 38 47 47 47 47 47 47 47 47 47 47 47 47 47 47 47 47 47 47 47 47 47 47 47 47 47 47 47 47]
drupal 8 47 [24 24 38 47 47 47 47 47 47 47 47 47 47 47 47 47 47 47 47 47 47 47 47 47 47 47 47 47 47 47 47]
drupal latest 47 [24 24 38 47 47 47 47 47 47 47 47 47 47 47 47 47 47 47 47 47 47 47 47 47 47 47 47 47 47 47 47]
elasticsearch 1.3.9 31 [24 24 27 27 27 27 27 27 27 30 30 30 30 30 30 30 30 30 30 31 31 31 31 31 31 31 31 31]
elasticsearch 1.3 31 [24 24 27 27 27 27 27 27 27 30 30 30 30 30 30 30 30 30 30 31 31 31 31 31 31 31 31 31]
elasticsearch 1.4.5 31 [24 24 27 27 27 27 27 27 27 30 30 30 30 30 30 30 30 30 30 31 31 31 31 31 31 31 31 31]
elasticsearch 1.4 31 [24 24 27 27 27 27 27 27 27 30 30 30 30 30 30 30 30 30 30 31 31 31 31 31 31 31 31 31]
elasticsearch 1.5.2 31 [24 24 27 27 27 27 27 27 27 30 30 30 30 30 30 30 30 30 30 31 31 31 31 31 31 31 31 31]
elasticsearch 1.5 31 [24 24 27 27 27 27 27 27 27 30 30 30 30 30 30 30 30 30 30 31 31 31 31 31 31 31 31 31]
elasticsearch 1.6.2 31 [24 24 27 27 27 27 27 27 27 30 30 30 30 30 30 30 30 30 30 31 31 31 31 31 31 31 31 31]
elasticsearch 1.6 31 [24 24 27 27 27 27 27 27 27 30 30 30 30 30 30 30 30 30 30 31 31 31 31 31 31 31 31 31]
elasticsearch 1.7.4 31 [24 24 27 27 27 27 27 27 27 30 30 30 30 30 30 30 30 30 30 31 31 31 31 31 31 31 31 31]
elasticsearch 1.7 31 [24 24 27 27 27 27 27 27 27 30 30 30 30 30 30 30 30 30 30 31 31 31 31 31 31 31 31 31]
elasticsearch 1 31 [24 24 27 27 27 27 27 27 27 30 30 30 30 30 30 30 30 30 30 31 31 31 31 31 31 31 31 31]
elasticsearch 2.0.2 31 [24 24 27 27 27 27 27 27 27 30 30 30 30 30 30 30 30 30 30 31 31 31 31 31 31 31 31 31]
elasticsearch 2.0 31 [24 24 27 27 27 27 27 27 27 30 30 30 30 30 30 30 30 30 30 31 31 31 31 31 31 31 31 31]
elasticsearch 2.1.1 31 [24 24 27 27 27 27 27 27 27 30 30 30 30 30 30 30 30 30 30 31 31 31 31 31 31 31 31 31]
elasticsearch 2.1 31 [24 24 27 27 27 27 27 27 27 30 30 30 30 30 30 30 30 30 30 31 31 31 31 31 31 31 31 31]
elasticsearch 2 31 [24 24 27 27 27 27 27 27 27 30 30 30 30 30 30 30 30 30 30 31 31 31 31 31 31 31 31 31]
elasticsearch latest 31 [24 24 27 27 27 27 27 27 27 30 30 30 30 30 30 30 30 30 30 31 31 31 31 31 31 31 31 31]
erlang 18.1.4 63 [24 24 27 31 63 63 63 63 63 63 63 63]
erlang 18.1 63 [24 24 27 31 63 63 63 63 63 63 63 63]
erlang 18 63 [24 24 27 31 63 63 63 63 63 63 63 63]
erlang latest 63 [24 24 27 31 63 63 63 63 63 63 63 63]
erlang 18.1.4-onbuild 63 [24 24 27 31 63 63 63 63 63 63 63 63 63 63 63 63 63 63 63]
erlang 18.1-onbuild 63 [24 24 27 31 63 63 63 63 63 63 63 63 63 63 63 63 63 63 63]
erlang 18-onbuild 63 [24 24 27 31 63 63 63 63 63 63 63 63 63 63 63 63 63 63 63]
erlang onbuild 63 [24 24 27 31 63 63 63 63 63 63 63 63 63 63 63 63 63 63 63]
erlang 17.5.6.4 63 [24 24 27 31 63 63 63 63]
erlang 17.5 63 [24 24 27 31 63 63 63 63]
erlang 17 63 [24 24 27 31 63 63 63 63]
fedora latest 0 [0 0]
fedora 23 0 [0 0]
fedora 22 0 [0 0]
fedora 21 0 [0 0]
fedora rawhide 0 [0 0]
fedora 20 0 [0 0]
fedora heisenbug 0 [0 0]
gazebo gzserver4 3 [1 1 1 1 1 1 1 3 3 3 3 3]
gazebo libgazebo4 5 [1 1 1 1 1 1 1 3 3 3 3 3 3 5]
gazebo gzserver5 3 [1 1 1 1 1 1 1 3 3 3 3 3]
gazebo libgazebo5 5 [1 1 1 1 1 1 1 3 3 3 3 3 3 5]
gazebo gzserver6 5 [1 1 1 1 1 1 1 5 5 5 5 5]
gazebo libgazebo6 8 [1 1 1 1 1 1 1 5 5 5 5 5 5 8]
gazebo latest 8 [1 1 1 1 1 1 1 5 5 5 5 5 5 8]
gcc 4.8.5 87 [13 13 22 46 87 87 87 87 87 87 87]
gcc 4.8 87 [13 13 22 46 87 87 87 87 87 87 87]
gcc 4.9.3 87 [13 13 22 46 87 87 87 87 87 87 87]
gcc 4.9 87 [13 13 22 46 87 87 87 87 87 87 87]
gcc 4 87 [13 13 22 46 87 87 87 87 87 87 87]
gcc 5.1.0 87 [13 13 22 46 87 87 87 87 87 87 87]
gcc 5.1 87 [13 13 22 46 87 87 87 87 87 87 87]
gcc 5.2.0 63 [24 24 27 31 63 63 63 63 63 63 63]
gcc 5.2 63 [24 24 27 31 63 63 63 63 63 63 63]
gcc 5.3.0 63 [24 24 27 31 63 63 63 63 63 63 63]
gcc 5.3 63 [24 24 27 31 63 63 63 63 63 63 63]
gcc 5 63 [24 24 27 31 63 63 63 63 63 63 63]
gcc latest 63 [24 24 27 31 63 63 63 63 63 63 63]
ghost 0.7.3 27 [24 24 27 27 27 27 27 27 27 27 27 27 27 27 27 27 27 27 27 27 27 27 27]
ghost 0.7 27 [24 24 27 27 27 27 27 27 27 27 27 27 27 27 27 27 27 27 27 27 27 27 27]
ghost 0 27 [24 24 27 27 27 27 27 27 27 27 27 27 27 27 27 27 27 27 27 27 27 27 27]
ghost latest 27 [24 24 27 27 27 27 27 27 27 27 27 27 27 27 27 27 27 27 27 27 27 27 27]
glassfish 4.0-jdk7 50 [24 24 27 31 31 31 31 31 50 50 50 50 50 50 50 50 50]
glassfish 4.0 50 [24 24 27 31 31 31 31 31 50 50 50 50 50 50 50 50 50]
glassfish 4.1-jdk8 49 [24 24 27 31 31 31 31 31 31 31 49 49 49 49 49 49 49 49 49 49]
glassfish 4.1 49 [24 24 27 31 31 31 31 31 31 31 49 49 49 49 49 49 49 49 49 49]
glassfish latest 49 [24 24 27 31 31 31 31 31 31 31 49 49 49 49 49 49 49 49 49 49]
golang 1.4.3 40 [24 24 27 31 40 40 40 40 40 40 40 40 40 40]
golang 1.4 40 [24 24 27 31 40 40 40 40 40 40 40 40 40 40]
golang 1.4.3-onbuild 40 [24 24 27 31 40 40 40 40 40 40 40 40 40 40 40 40 40 40 40 40]
golang 1.4-onbuild 40 [24 24 27 31 40 40 40 40 40 40 40 40 40 40 40 40 40 40 40 40]
golang 1.4.3-cross 40 [24 24 27 31 40 40 40 40 40 40 40 40 40 40 40 40 40]
golang 1.4-cross 40 [24 24 27 31 40 40 40 40 40 40 40 40 40 40 40 40 40]
golang 1.4.3-wheezy 46 [13 13 22 46 46 46 46 46 46 46 46 46 46 46]
golang 1.4-wheezy 46 [13 13 22 46 46 46 46 46 46 46 46 46 46 46]
golang 1.4.3-alpine 0 [0 0 0 0 0 0 0 0 0]
golang 1.4-alpine 0 [0 0 0 0 0 0 0 0 0]
golang 1.5.2 40 [24 24 27 31 40 40 40 40 40 40 40 40 40 40]
golang 1.5 40 [24 24 27 31 40 40 40 40 40 40 40 40 40 40]
golang 1 40 [24 24 27 31 40 40 40 40 40 40 40 40 40 40]
golang latest 40 [24 24 27 31 40 40 40 40 40 40 40 40 40 40]
golang 1.5.2-onbuild 40 [24 24 27 31 40 40 40 40 40 40 40 40 40 40 40 40 40 40 40 40]
golang 1.5-onbuild 40 [24 24 27 31 40 40 40 40 40 40 40 40 40 40 40 40 40 40 40 40]
golang 1-onbuild 40 [24 24 27 31 40 40 40 40 40 40 40 40 40 40 40 40 40 40 40 40]
golang onbuild 40 [24 24 27 31 40 40 40 40 40 40 40 40 40 40 40 40 40 40 40 40]
golang 1.5.2-wheezy 46 [13 13 22 46 46 46 46 46 46 46 46 46 46 46]
golang 1.5-wheezy 46 [13 13 22 46 46 46 46 46 46 46 46 46 46 46]
golang 1-wheezy 46 [13 13 22 46 46 46 46 46 46 46 46 46 46 46]
golang wheezy 46 [13 13 22 46 46 46 46 46 46 46 46 46 46 46]
golang 1.5.2-alpine 0 [0 0 0 0 0 0 0 0 0 0 0 0]
golang 1.5-alpine 0 [0 0 0 0 0 0 0 0 0 0 0 0]
golang 1-alpine 0 [0 0 0 0 0 0 0 0 0 0 0 0]
golang alpine 0 [0 0 0 0 0 0 0 0 0 0 0 0]
golang 1.6beta1 40 [24 24 27 31 40 40 40 40 40 40 40 40 40 40]
golang 1.6 40 [24 24 27 31 40 40 40 40 40 40 40 40 40 40]
golang 1.6beta1-onbuild 40 [24 24 27 31 40 40 40 40 40 40 40 40 40 40 40 40 40 40 40 40]
golang 1.6-onbuild 40 [24 24 27 31 40 40 40 40 40 40 40 40 40 40 40 40 40 40 40 40]
golang 1.6beta1-wheezy 46 [13 13 22 46 46 46 46 46 46 46 46 46 46 46]
golang 1.6-wheezy 46 [13 13 22 46 46 46 46 46 46 46 46 46 46 46]
golang 1.6beta1-alpine 0 [0 0 0 0 0 0 0 0 0 0 0 0]
golang 1.6-alpine 0 [0 0 0 0 0 0 0 0 0 0 0 0]
haproxy 1.4.26 24 [24 24 24 24 24 24 24 24]
haproxy 1.4 24 [24 24 24 24 24 24 24 24]
haproxy 1.5.15 24 [24 24 24 24 24 24 24 24]
haproxy 1.5 24 [24 24 24 24 24 24 24 24]
haproxy 1.6.2 24 [24 24 24 24 24 24 24 24]
haproxy 1.6 24 [24 24 24 24 24 24 24 24]
haproxy 1 24 [24 24 24 24 24 24 24 24]
haproxy latest 24 [24 24 24 24 24 24 24 24]
haskell 7.10.2 24 [24 24 24 24 24 24 24]
haskell 7.10 24 [24 24 24 24 24 24 24]
haskell 7 24 [24 24 24 24 24 24 24]
haskell latest 24 [24 24 24 24 24 24 24]
haskell 7.8.4 24 [24 24 24 24 24 24 24]
haskell 7.8 24 [24 24 24 24 24 24 24]
hello-world latest 0 [0 0]
hipache latest 1 [1 1 1 1 1 1 1 1 1 1 1 1 1 1]
hipache 0.3.1 1 [1 1 1 1 1 1 1 1 1 1 1 1 1 1]
httpd 2.2.31 24 [24 24 24 24 24 24 24 24 24 24 24 24 24 24]
httpd 2.2 24 [24 24 24 24 24 24 24 24 24 24 24 24 24 24]
httpd 2.4.18 24 [24 24 24 24 24 24 24 24 24 24 24 24 24 24]
httpd 2.4 24 [24 24 24 24 24 24 24 24 24 24 24 24 24 24]
httpd 2 24 [24 24 24 24 24 24 24 24 24 24 24 24 24 24]
httpd latest 24 [24 24 24 24 24 24 24 24 24 24 24 24 24 24]
hylang latest 63 [24 24 27 31 63 63 63 63 63 63 63 63 63 63 63 63 63]
hylang 0 63 [24 24 27 31 63 63 63 63 63 63 63 63 63 63 63 63 63]
hylang 0.11 63 [24 24 27 31 63 63 63 63 63 63 63 63 63 63 63 63 63]
hylang 0.11.0 63 [24 24 27 31 63 63 63 63 63 63 63 63 63 63 63 63 63]
iojs 1.8.4 63 [24 24 27 31 63 63 63 63 63 63]
iojs 1.8 63 [24 24 27 31 63 63 63 63 63 63]
iojs 1 63 [24 24 27 31 63 63 63 63 63 63]
iojs 1.8.4-onbuild 63 [24 24 27 31 63 63 63 63 63 63 63 63 63 63 63 63]
iojs 1.8-onbuild 63 [24 24 27 31 63 63 63 63 63 63 63 63 63 63 63 63]
iojs 1-onbuild 63 [24 24 27 31 63 63 63 63 63 63 63 63 63 63 63 63]
iojs 1.8.4-slim 27 [24 24 27 27 27 27 27 27]
iojs 1.8-slim 27 [24 24 27 27 27 27 27 27]
iojs 1-slim 27 [24 24 27 27 27 27 27 27]
iojs 2.5.0 63 [24 24 27 31 63 63 63 63 63 63]
iojs 2.5 63 [24 24 27 31 63 63 63 63 63 63]
iojs 2 63 [24 24 27 31 63 63 63 63 63 63]
iojs 2.5.0-onbuild 63 [24 24 27 31 63 63 63 63 63 63 63 63 63 63 63 63]
iojs 2.5-onbuild 63 [24 24 27 31 63 63 63 63 63 63 63 63 63 63 63 63]
iojs 2-onbuild 63 [24 24 27 31 63 63 63 63 63 63 63 63 63 63 63 63]
iojs 2.5.0-slim 27 [24 24 27 27 27 27 27 27]
iojs 2.5-slim 27 [24 24 27 27 27 27 27 27]
iojs 2-slim 27 [24 24 27 27 27 27 27 27]
iojs 3.3.0 63 [24 24 27 31 63 63 63 63 63 63]
iojs 3.3 63 [24 24 27 31 63 63 63 63 63 63]
iojs 3 63 [24 24 27 31 63 63 63 63 63 63]
iojs latest 63 [24 24 27 31 63 63 63 63 63 63]
iojs 3.3.0-onbuild 63 [24 24 27 31 63 63 63 63 63 63 63 63 63 63 63 63]
iojs 3.3-onbuild 63 [24 24 27 31 63 63 63 63 63 63 63 63 63 63 63 63]
iojs 3-onbuild 63 [24 24 27 31 63 63 63 63 63 63 63 63 63 63 63 63]
iojs onbuild 63 [24 24 27 31 63 63 63 63 63 63 63 63 63 63 63 63]
iojs 3.3.0-slim 27 [24 24 27 27 27 27 27 27]
iojs 3.3-slim 27 [24 24 27 27 27 27 27 27]
iojs 3-slim 27 [24 24 27 27 27 27 27 27]
iojs slim 27 [24 24 27 27 27 27 27 27]
irssi 0.8.17 24 [24 24 24 24 24 24 24 24 24 24 24 24 24]
irssi 0.8 24 [24 24 24 24 24 24 24 24 24 24 24 24 24]
irssi 0 24 [24 24 24 24 24 24 24 24 24 24 24 24 24]
irssi latest 24 [24 24 24 24 24 24 24 24 24 24 24 24 24]
java openjdk-6b36-jdk 46 [13 13 22 46 46 46 46 46 46]
java openjdk-6b36 46 [13 13 22 46 46 46 46 46 46]
java openjdk-6-jdk 46 [13 13 22 46 46 46 46 46 46]
java openjdk-6 46 [13 13 22 46 46 46 46 46 46]
java 6b36-jdk 46 [13 13 22 46 46 46 46 46 46]
java 6b36 46 [13 13 22 46 46 46 46 46 46]
java 6-jdk 46 [13 13 22 46 46 46 46 46 46]
java 6 46 [13 13 22 46 46 46 46 46 46]
java openjdk-6b36-jre 22 [13 13 22 22 22 22 22 22]
java openjdk-6-jre 22 [13 13 22 22 22 22 22 22]
java 6b36-jre 22 [13 13 22 22 22 22 22 22]
java 6-jre 22 [13 13 22 22 22 22 22 22]
java openjdk-7u91-jdk 50 [24 24 27 31 31 31 31 31 50]
java openjdk-7u91 50 [24 24 27 31 31 31 31 31 50]
java openjdk-7-jdk 50 [24 24 27 31 31 31 31 31 50]
java openjdk-7 50 [24 24 27 31 31 31 31 31 50]
java 7u91-jdk 50 [24 24 27 31 31 31 31 31 50]
java 7u91 50 [24 24 27 31 31 31 31 31 50]
java 7-jdk 50 [24 24 27 31 31 31 31 31 50]
java 7 50 [24 24 27 31 31 31 31 31 50]
java openjdk-7u91-jre 27 [24 24 27 27 27 27 27 27]
java openjdk-7-jre 27 [24 24 27 27 27 27 27 27]
java 7u91-jre 27 [24 24 27 27 27 27 27 27]
java 7-jre 27 [24 24 27 27 27 27 27 27]
java openjdk-8u66-jdk 49 [24 24 27 31 31 31 31 31 31 31 49 49]
java openjdk-8u66 49 [24 24 27 31 31 31 31 31 31 31 49 49]
java openjdk-8-jdk 49 [24 24 27 31 31 31 31 31 31 31 49 49]
java openjdk-8 49 [24 24 27 31 31 31 31 31 31 31 49 49]
java 8u66-jdk 49 [24 24 27 31 31 31 31 31 31 31 49 49]
java 8u66 49 [24 24 27 31 31 31 31 31 31 31 49 49]
java 8-jdk 49 [24 24 27 31 31 31 31 31 31 31 49 49]
java 8 49 [24 24 27 31 31 31 31 31 31 31 49 49]
java jdk 49 [24 24 27 31 31 31 31 31 31 31 49 49]
java latest 49 [24 24 27 31 31 31 31 31 31 31 49 49]
java openjdk-8u66-jre 30 [24 24 27 27 27 27 27 27 27 30 30 30]
java openjdk-8-jre 30 [24 24 27 27 27 27 27 27 27 30 30 30]
java 8u66-jre 30 [24 24 27 27 27 27 27 27 27 30 30 30]
java 8-jre 30 [24 24 27 27 27 27 27 27 27 30 30 30]
java jre 30 [24 24 27 27 27 27 27 27 27 30 30 30]
java openjdk-9-b96-jdk 18 [17 17 18 18 18 18 18 18 18 18 18 18]
java openjdk-9-b96 18 [17 17 18 18 18 18 18 18 18 18 18 18]
java openjdk-9-jdk 18 [17 17 18 18 18 18 18 18 18 18 18 18]
java openjdk-9 18 [17 17 18 18 18 18 18 18 18 18 18 18]
java 9-b96-jdk 18 [17 17 18 18 18 18 18 18 18 18 18 18]
java 9-b96 18 [17 17 18 18 18 18 18 18 18 18 18 18]
java 9-jdk 18 [17 17 18 18 18 18 18 18 18 18 18 18]
java 9 18 [17 17 18 18 18 18 18 18 18 18 18 18]
java openjdk-9-b96-jre 18 [17 17 18 18 18 18 18 18 18 18 18 18]
java openjdk-9-jre 18 [17 17 18 18 18 18 18 18 18 18 18 18]
java 9-b96-jre 18 [17 17 18 18 18 18 18 18 18 18 18 18]
java 9-jre 18 [17 17 18 18 18 18 18 18 18 18 18 18]
jenkins latest 49 [24 24 27 31 31 31 31 31 31 31 49 49 49 49 49 49 49 49 49 49 49 49 49 49 49 49 49 49 49 49 49 49 49]
jenkins 1.625.3 49 [24 24 27 31 31 31 31 31 31 31 49 49 49 49 49 49 49 49 49 49 49 49 49 49 49 49 49 49 49 49 49 49 49]
jetty 9.3.6 30 [24 24 27 27 27 27 27 27 27 30 30 30 30 30 30 30 30 30 30 30 30 30 30 30 30 30 30 30 30 30 30 30 30 30]
jetty 9.3 30 [24 24 27 27 27 27 27 27 27 30 30 30 30 30 30 30 30 30 30 30 30 30 30 30 30 30 30 30 30 30 30 30 30 30]
jetty 9 30 [24 24 27 27 27 27 27 27 27 30 30 30 30 30 30 30 30 30 30 30 30 30 30 30 30 30 30 30 30 30 30 30 30 30]
jetty 9.3.6-jre8 30 [24 24 27 27 27 27 27 27 27 30 30 30 30 30 30 30 30 30 30 30 30 30 30 30 30 30 30 30 30 30 30 30 30 30]
jetty 9.3-jre8 30 [24 24 27 27 27 27 27 27 27 30 30 30 30 30 30 30 30 30 30 30 30 30 30 30 30 30 30 30 30 30 30 30 30 30]
jetty 9-jre8 30 [24 24 27 27 27 27 27 27 27 30 30 30 30 30 30 30 30 30 30 30 30 30 30 30 30 30 30 30 30 30 30 30 30 30]
jetty latest 30 [24 24 27 27 27 27 27 27 27 30 30 30 30 30 30 30 30 30 30 30 30 30 30 30 30 30 30 30 30 30 30 30 30 30]
jetty jre8 30 [24 24 27 27 27 27 27 27 27 30 30 30 30 30 30 30 30 30 30 30 30 30 30 30 30 30 30 30 30 30 30 30 30 30]
jetty 9.2.14 30 [24 24 27 27 27 27 27 27 27 30 30 30 30 30 30 30 30 30 30 30 30 30 30 30 30 30 30 30 30 30 30 30 30 30]
jetty 9.2 30 [24 24 27 27 27 27 27 27 27 30 30 30 30 30 30 30 30 30 30 30 30 30 30 30 30 30 30 30 30 30 30 30 30 30]
jetty 9.2.14-jre8 30 [24 24 27 27 27 27 27 27 27 30 30 30 30 30 30 30 30 30 30 30 30 30 30 30 30 30 30 30 30 30 30 30 30 30]
jetty 9.2-jre8 30 [24 24 27 27 27 27 27 27 27 30 30 30 30 30 30 30 30 30 30 30 30 30 30 30 30 30 30 30 30 30 30 30 30 30]
jetty 9.2.14-jre7 27 [24 24 27 27 27 27 27 27 27 27 27 27 27 27 27 27 27 27 27 27 27 27 27 27 27 27 27 27 27 27]
jetty 9.2-jre7 27 [24 24 27 27 27 27 27 27 27 27 27 27 27 27 27 27 27 27 27 27 27 27 27 27 27 27 27 27 27 27]
jetty 9-jre7 27 [24 24 27 27 27 27 27 27 27 27 27 27 27 27 27 27 27 27 27 27 27 27 27 27 27 27 27 27 27 27]
jetty jre7 27 [24 24 27 27 27 27 27 27 27 27 27 27 27 27 27 27 27 27 27 27 27 27 27 27 27 27 27 27 27 27]
joomla 3.4.5-apache 47 [24 24 38 47 47 47 47 47 47 47 47 47 47 47 47 47 47 47 47 47 47 47 47 47 47 47 47 47 47 47 47 47 47 47 47 47]
joomla 3.4.5 47 [24 24 38 47 47 47 47 47 47 47 47 47 47 47 47 47 47 47 47 47 47 47 47 47 47 47 47 47 47 47 47 47 47 47 47 47]
joomla 3.4-apache 47 [24 24 38 47 47 47 47 47 47 47 47 47 47 47 47 47 47 47 47 47 47 47 47 47 47 47 47 47 47 47 47 47 47 47 47 47]
joomla 3.4 47 [24 24 38 47 47 47 47 47 47 47 47 47 47 47 47 47 47 47 47 47 47 47 47 47 47 47 47 47 47 47 47 47 47 47 47 47]
joomla 3-apache 47 [24 24 38 47 47 47 47 47 47 47 47 47 47 47 47 47 47 47 47 47 47 47 47 47 47 47 47 47 47 47 47 47 47 47 47 47]
joomla apache 47 [24 24 38 47 47 47 47 47 47 47 47 47 47 47 47 47 47 47 47 47 47 47 47 47 47 47 47 47 47 47 47 47 47 47 47 47]
joomla 3 47 [24 24 38 47 47 47 47 47 47 47 47 47 47 47 47 47 47 47 47 47 47 47 47 47 47 47 47 47 47 47 47 47 47 47 47 47]
joomla latest 47 [24 24 38 47 47 47 47 47 47 47 47 47 47 47 47 47 47 47 47 47 47 47 47 47 47 47 47 47 47 47 47 47 47 47 47 47]
joomla 3.4.5-fpm 47 [24 24 38 47 47 47 47 47 47 47 47 47 47 47 47 47 47 47 47 47 47 47 47 47 47 47 47 47 47]
joomla 3.4-fpm 47 [24 24 38 47 47 47 47 47 47 47 47 47 47 47 47 47 47 47 47 47 47 47 47 47 47 47 47 47 47]
joomla 3-fpm 47 [24 24 38 47 47 47 47 47 47 47 47 47 47 47 47 47 47 47 47 47 47 47 47 47 47 47 47 47 47]
joomla fpm 47 [24 24 38 47 47 47 47 47 47 47 47 47 47 47 47 47 47 47 47 47 47 47 47 47 47 47 47 47 47]
jruby 1.7 30 [24 24 27 27 27 27 27 27 27 30 30 30 30 30 30 30 30 30 30 30 30 30 30]
jruby 1.7.22 30 [24 24 27 27 27 27 27 27 27 30 30 30 30 30 30 30 30 30 30 30 30 30 30]
jruby latest 30 [24 24 27 27 27 27 27 27 27 30 30 30 30 30 30 30 30 30 30 30 30 30 30]
jruby 1.7-jre 30 [24 24 27 27 27 27 27 27 27 30 30 30 30 30 30 30 30 30 30 30 30 30 30]
jruby 1.7.22-jre 30 [24 24 27 27 27 27 27 27 27 30 30 30 30 30 30 30 30 30 30 30 30 30 30]
jruby 1.7-jdk 49 [24 24 27 31 31 31 31 31 31 31 49 49 49 49 49 49 49 49 49 49 49 49 49]
jruby 1.7.22-jdk 49 [24 24 27 31 31 31 31 31 31 31 49 49 49 49 49 49 49 49 49 49 49 49 49]
jruby 1.7-onbuild 49 [24 24 27 31 31 31 31 31 31 31 49 49 49 49 49 49 49 49 49 49 49 49 49 49 49 49 49 49 49]
jruby 1.7.22-onbuild 49 [24 24 27 31 31 31 31 31 31 31 49 49 49 49 49 49 49 49 49 49 49 49 49 49 49 49 49 49 49]
jruby 9 30 [24 24 27 27 27 27 27 27 27 30 30 30 30 30 30 30 30 30 30 30 30 30 30]
jruby 9.0 30 [24 24 27 27 27 27 27 27 27 30 30 30 30 30 30 30 30 30 30 30 30 30 30]
jruby 9.0-jre 30 [24 24 27 27 27 27 27 27 27 30 30 30 30 30 30 30 30 30 30 30 30 30 30]
jruby 9.0.4 30 [24 24 27 27 27 27 27 27 27 30 30 30 30 30 30 30 30 30 30 30 30 30 30]
jruby 9.0.4-jre 30 [24 24 27 27 27 27 27 27 27 30 30 30 30 30 30 30 30 30 30 30 30 30 30]
jruby 9.0.4.0 30 [24 24 27 27 27 27 27 27 27 30 30 30 30 30 30 30 30 30 30 30 30 30 30]
jruby 9.0.4.0-jre 30 [24 24 27 27 27 27 27 27 27 30 30 30 30 30 30 30 30 30 30 30 30 30 30]
jruby 9.0-jdk 49 [24 24 27 31 31 31 31 31 31 31 49 49 49 49 49 49 49 49 49 49 49 49 49]
jruby 9.0.4-jdk 49 [24 24 27 31 31 31 31 31 31 31 49 49 49 49 49 49 49 49 49 49 49 49 49]
jruby 9.0.4.0-jdk 49 [24 24 27 31 31 31 31 31 31 31 49 49 49 49 49 49 49 49 49 49 49 49 49]
jruby 9-onbuild 49 [24 24 27 31 31 31 31 31 31 31 49 49 49 49 49 49 49 49 49 49 49 49 49 49 49 49 49 49 49]
jruby 9.0-onbuild 49 [24 24 27 31 31 31 31 31 31 31 49 49 49 49 49 49 49 49 49 49 49 49 49 49 49 49 49 49 49]
jruby 9.0.4-onbuild 49 [24 24 27 31 31 31 31 31 31 31 49 49 49 49 49 49 49 49 49 49 49 49 49 49 49 49 49 49 49]
jruby 9.0.4.0-onbuild 49 [24 24 27 31 31 31 31 31 31 31 49 49 49 49 49 49 49 49 49 49 49 49 49 49 49 49 49 49 49]
julia 0.4.2 24 [24 24 24 24 24 24 24 24 24]
julia 0.4 24 [24 24 24 24 24 24 24 24 24]
julia latest 24 [24 24 24 24 24 24 24 24 24]
kaazing-gateway latest 49 [24 24 27 31 31 31 31 31 31 31 49 49 49 49 49 49 49 49 49 49 49 49]
kaazing-gateway 5.0.1.38 49 [24 24 27 31 31 31 31 31 31 31 49 49 49 49 49 49 49 49 49 49 49 49]
kibana 4.0.3 24 [24 24 24 24 24 24 24 24 24 24 24 24 24 24]
kibana 4.0 24 [24 24 24 24 24 24 24 24 24 24 24 24 24 24]
kibana 4.1.4 24 [24 24 24 24 24 24 24 24 24 24 24 24 24 24]
kibana 4.1 24 [24 24 24 24 24 24 24 24 24 24 24 24 24 24]
kibana 4.2.2 24 [24 24 24 24 24 24 24 24 24 24 24 24 24 24]
kibana 4.2 24 [24 24 24 24 24 24 24 24 24 24 24 24 24 24]
kibana 4.3.1 24 [24 24 24 24 24 24 24 24 24 24 24 24 24 24]
kibana 4.3 24 [24 24 24 24 24 24 24 24 24 24 24 24 24 24]
kibana 4 24 [24 24 24 24 24 24 24 24 24 24 24 24 24 24]
kibana latest 24 [24 24 24 24 24 24 24 24 24 24 24 24 24 24]
logstash 1.4.5-1-a2bacae 30 [24 24 27 27 27 27 27 27 27 30 30 30 30 30 30 30 30 30 30 30 30 30 30 30 30]
logstash 1.4.5-1 30 [24 24 27 27 27 27 27 27 27 30 30 30 30 30 30 30 30 30 30 30 30 30 30 30 30]
logstash 1.4.5 30 [24 24 27 27 27 27 27 27 27 30 30 30 30 30 30 30 30 30 30 30 30 30 30 30 30]
logstash 1.4 30 [24 24 27 27 27 27 27 27 27 30 30 30 30 30 30 30 30 30 30 30 30 30 30 30 30]
logstash 1.5.6-1 30 [24 24 27 27 27 27 27 27 27 30 30 30 30 30 30 30 30 30 30 30 30 30 30 30 30]
logstash 1.5.6 30 [24 24 27 27 27 27 27 27 27 30 30 30 30 30 30 30 30 30 30 30 30 30 30 30 30]
logstash 1.5 30 [24 24 27 27 27 27 27 27 27 30 30 30 30 30 30 30 30 30 30 30 30 30 30 30 30]
logstash 1 30 [24 24 27 27 27 27 27 27 27 30 30 30 30 30 30 30 30 30 30 30 30 30 30 30 30]
logstash 2.0.0-1 30 [24 24 27 27 27 27 27 27 27 30 30 30 30 30 30 30 30 30 30 30 30 30 30 30 30]
logstash 2.0.0 30 [24 24 27 27 27 27 27 27 27 30 30 30 30 30 30 30 30 30 30 30 30 30 30 30 30]
logstash 2.0 30 [24 24 27 27 27 27 27 27 27 30 30 30 30 30 30 30 30 30 30 30 30 30 30 30 30]
logstash 2.1.1-1 30 [24 24 27 27 27 27 27 27 27 30 30 30 30 30 30 30 30 30 30 30 30 30 30 30 30]
logstash 2.1.1 30 [24 24 27 27 27 27 27 27 27 30 30 30 30 30 30 30 30 30 30 30 30 30 30 30 30]
logstash 2.1 30 [24 24 27 27 27 27 27 27 27 30 30 30 30 30 30 30 30 30 30 30 30 30 30 30 30]
logstash 2 30 [24 24 27 27 27 27 27 27 27 30 30 30 30 30 30 30 30 30 30 30 30 30 30 30 30]
logstash latest 30 [24 24 27 27 27 27 27 27 27 30 30 30 30 30 30 30 30 30 30 30 30 30 30 30 30]
mageia latest 0 [0 0]
mageia 4 0 [0 0]
mageia 5 0 [0 0]
mariadb 10.0.23 24 [24 24 24 24 24 24 24 24 24 24 24 24 24 24 24]
mariadb 10.0 24 [24 24 24 24 24 24 24 24 24 24 24 24 24 24 24]
mariadb 10 24 [24 24 24 24 24 24 24 24 24 24 24 24 24 24 24]
mariadb latest 24 [24 24 24 24 24 24 24 24 24 24 24 24 24 24 24]
mariadb 5.5.47 13 [13 13 13 13 13 13 13 13 13 13 13 13 13 13 13]
mariadb 5.5 13 [13 13 13 13 13 13 13 13 13 13 13 13 13 13 13]
mariadb 5 13 [13 13 13 13 13 13 13 13 13 13 13 13 13 13 13]
maven 3.3.3-jdk-7 50 [24 24 27 31 31 31 31 31 50 50 50 50 50 50]
maven 3.3-jdk-7 50 [24 24 27 31 31 31 31 31 50 50 50 50 50 50]
maven 3-jdk-7 50 [24 24 27 31 31 31 31 31 50 50 50 50 50 50]
maven 3.3.3-jdk-7-onbuild 50 [24 24 27 31 31 31 31 31 50 50 50 50 50 50 50 50 50 50]
maven 3.3-jdk-7-onbuild 50 [24 24 27 31 31 31 31 31 50 50 50 50 50 50 50 50 50 50]
maven 3-jdk-7-onbuild 50 [24 24 27 31 31 31 31 31 50 50 50 50 50 50 50 50 50 50]
maven 3.3.3-jdk-8 49 [24 24 27 31 31 31 31 31 31 31 49 49 49 49 49 49 49]
maven 3.3.3 49 [24 24 27 31 31 31 31 31 31 31 49 49 49 49 49 49 49]
maven 3.3-jdk-8 49 [24 24 27 31 31 31 31 31 31 31 49 49 49 49 49 49 49]
maven 3.3 49 [24 24 27 31 31 31 31 31 31 31 49 49 49 49 49 49 49]
maven 3-jdk-8 49 [24 24 27 31 31 31 31 31 31 31 49 49 49 49 49 49 49]
maven 3 49 [24 24 27 31 31 31 31 31 31 31 49 49 49 49 49 49 49]
maven latest 49 [24 24 27 31 31 31 31 31 31 31 49 49 49 49 49 49 49]
maven 3.3.3-jdk-8-onbuild 49 [24 24 27 31 31 31 31 31 31 31 49 49 49 49 49 49 49 49 49 49 49]
maven 3.3.3-onbuild 49 [24 24 27 31 31 31 31 31 31 31 49 49 49 49 49 49 49 49 49 49 49]
maven 3.3-jdk-8-onbuild 49 [24 24 27 31 31 31 31 31 31 31 49 49 49 49 49 49 49 49 49 49 49]
maven 3.3-onbuild 49 [24 24 27 31 31 31 31 31 31 31 49 49 49 49 49 49 49 49 49 49 49]
maven 3-jdk-8-onbuild 49 [24 24 27 31 31 31 31 31 31 31 49 49 49 49 49 49 49 49 49 49 49]
maven 3-onbuild 49 [24 24 27 31 31 31 31 31 31 31 49 49 49 49 49 49 49 49 49 49 49]
maven onbuild 49 [24 24 27 31 31 31 31 31 31 31 49 49 49 49 49 49 49 49 49 49 49]
memcached 1.4.25 24 [24 24 24 24 24 24 24 24 24 24 24 24]
memcached 1.4 24 [24 24 24 24 24 24 24 24 24 24 24 24]
memcached 1 24 [24 24 24 24 24 24 24 24 24 24 24 24]
memcached latest 24 [24 24 24 24 24 24 24 24 24 24 24 24]
mongo 2.2.7 13 [13 13 13 13 13 13 13 13 13 13 13 13 13 13]
mongo 2.2 13 [13 13 13 13 13 13 13 13 13 13 13 13 13 13]
mongo 2.4.14 13 [13 13 13 13 13 13 13 13 13 13 13 13 13 13]
mongo 2.4 13 [13 13 13 13 13 13 13 13 13 13 13 13 13 13]
mongo 2.6.11 13 [13 13 13 13 13 13 13 13 13 13 13 13 13 13]
mongo 2.6 13 [13 13 13 13 13 13 13 13 13 13 13 13 13 13]
mongo 2 13 [13 13 13 13 13 13 13 13 13 13 13 13 13 13]
mongo 3.0.8 13 [13 13 13 13 13 13 13 13 13 13 13 13 13 13 13 13 13]
mongo 3.0 13 [13 13 13 13 13 13 13 13 13 13 13 13 13 13 13 13 13]
mongo 3.1.9 13 [13 13 13 13 13 13 13 13 13 13 13 13 13 13 13 13 13]
mongo 3.1 13 [13 13 13 13 13 13 13 13 13 13 13 13 13 13 13 13 13]
mongo 3.2.0 13 [13 13 13 13 13 13 13 13 13 13 13 13 13 13 13 13 13 13]
mongo 3.2 13 [13 13 13 13 13 13 13 13 13 13 13 13 13 13 13 13 13 13]
mongo 3 13 [13 13 13 13 13 13 13 13 13 13 13 13 13 13 13 13 13 13]
mongo latest 13 [13 13 13 13 13 13 13 13 13 13 13 13 13 13 13 13 13 13]
mono 3.10.0 13 [13 13 13 13 13 13 13]
mono 3.10 13 [13 13 13 13 13 13 13]
mono 3.10.0-onbuild 13 [13 13 13 13 13 13 13 13 13 13 13 13 13 13]
mono 3.10-onbuild 13 [13 13 13 13 13 13 13 13 13 13 13 13 13 13]
mono 3.12.1 13 [13 13 13 13 13 13]
mono 3.12.0 13 [13 13 13 13 13 13]
mono 3.12 13 [13 13 13 13 13 13]
mono 3 13 [13 13 13 13 13 13]
mono 3.12.1-onbuild 13 [13 13 13 13 13 13 13 13 13 13 13 13 13]
mono 3.12.0-onbuild 13 [13 13 13 13 13 13 13 13 13 13 13 13 13]
mono 3.12-onbuild 13 [13 13 13 13 13 13 13 13 13 13 13 13 13]
mono 3-onbuild 13 [13 13 13 13 13 13 13 13 13 13 13 13 13]
mono 3.8.0 13 [13 13 13 13 13 13 13]
mono 3.8 13 [13 13 13 13 13 13 13]
mono 3.8.0-onbuild 13 [13 13 13 13 13 13 13 13 13 13 13 13 13 13]
mono 3.8-onbuild 13 [13 13 13 13 13 13 13 13 13 13 13 13 13 13]
mono 4.0.5.1 13 [13 13 13 13 13 13]
mono 4.0.5 13 [13 13 13 13 13 13]
mono 4.0 13 [13 13 13 13 13 13]
mono 4.0.5.1-onbuild 13 [13 13 13 13 13 13 13 13 13 13 13 13 13]
mono 4.0.5-onbuild 13 [13 13 13 13 13 13 13 13 13 13 13 13 13]
mono 4.0-onbuild 13 [13 13 13 13 13 13 13 13 13 13 13 13 13]
mono 4.2.1.102 13 [13 13 13 13 13 13]
mono 4.2.1 13 [13 13 13 13 13 13]
mono 4.2 13 [13 13 13 13 13 13]
mono 4 13 [13 13 13 13 13 13]
mono latest 13 [13 13 13 13 13 13]
mono 4.2.1.102-onbuild 13 [13 13 13 13 13 13 13 13 13 13 13 13 13]
mono 4.2.1-onbuild 13 [13 13 13 13 13 13 13 13 13 13 13 13 13]
mono 4.2-onbuild 13 [13 13 13 13 13 13 13 13 13 13 13 13 13]
mono 4-onbuild 13 [13 13 13 13 13 13 13 13 13 13 13 13 13]
mono onbuild 13 [13 13 13 13 13 13 13 13 13 13 13 13 13]
mysql 5.5.47 24 [24 24 24 24 24 24 24 24 24 24 24 24 24 24 24 24 24]
mysql 5.5 24 [24 24 24 24 24 24 24 24 24 24 24 24 24 24 24 24 24]
mysql 5.6.28 24 [24 24 24 24 24 24 24 24 24 24 24 24 24 24 24 24]
mysql 5.6 24 [24 24 24 24 24 24 24 24 24 24 24 24 24 24 24 24]
mysql 5.7.10 24 [24 24 24 24 24 24 24 24 24 24 24 24 24 24 24 24]
mysql 5.7 24 [24 24 24 24 24 24 24 24 24 24 24 24 24 24 24 24]
mysql 5 24 [24 24 24 24 24 24 24 24 24 24 24 24 24 24 24 24]
mysql latest 24 [24 24 24 24 24 24 24 24 24 24 24 24 24 24 24 24]
nats 0.7.2 0 [0 0 0 0 0 0]
nats latest 0 [0 0 0 0 0 0]
neo4j 2.3.1 30 [24 24 27 27 27 27 27 27 27 30 30 30 30 30 30 30 30 30 30 30 30 30 30 30 30 30 30]
neo4j latest 30 [24 24 27 27 27 27 27 27 27 30 30 30 30 30 30 30 30 30 30 30 30 30 30 30 30 30 30]
neo4j 2.3.1-enterprise 30 [24 24 27 27 27 27 27 27 27 30 30 30 30 30 30 30 30 30 30 30 30 30 30 30 30 30 30]
neo4j enterprise 30 [24 24 27 27 27 27 27 27 27 30 30 30 30 30 30 30 30 30 30 30 30 30 30 30 30 30 30]
neurodebian precise 1 [1 1 1 1 1 1 1 1]
neurodebian nd12.04 1 [1 1 1 1 1 1 1 1]
neurodebian trusty 1 [1 1 1 1 1 1 1 1]
neurodebian nd14.04 1 [1 1 1 1 1 1 1 1]
neurodebian vivid 0 [0 0 0 0 0 0 0 0]
neurodebian nd15.04 0 [0 0 0 0 0 0 0 0]
neurodebian wily 0 [0 0 0 0 0 0 0 0]
neurodebian nd15.10 0 [0 0 0 0 0 0 0 0]
neurodebian squeeze 24 [24 24 24 24 24 24]
neurodebian nd60 24 [24 24 24 24 24 24]
neurodebian wheezy 13 [13 13 13 13 13 13]
neurodebian nd70 13 [13 13 13 13 13 13]
neurodebian jessie 24 [24 24 24 24 24 24]
neurodebian nd80 24 [24 24 24 24 24 24]
neurodebian latest 24 [24 24 24 24 24 24]
neurodebian stretch 20 [20 20 20 20 20 20]
neurodebian nd90 20 [20 20 20 20 20 20]
neurodebian sid 17 [17 17 17 17 17 17]
neurodebian nd 17 [17 17 17 17 17 17]
nginx latest 24 [24 24 24 24 24 24 24 24 24 24 24 24]
nginx 1 24 [24 24 24 24 24 24 24 24 24 24 24 24]
nginx 1.9 24 [24 24 24 24 24 24 24 24 24 24 24 24]
nginx 1.9.9 24 [24 24 24 24 24 24 24 24 24 24 24 24]
node 0.10.41 63 [24 24 27 31 63 63 63 63 63 63]
node 0.10 63 [24 24 27 31 63 63 63 63 63 63]
node 0.10.41-onbuild 63 [24 24 27 31 63 63 63 63 63 63 63 63 63 63 63 63]
node 0.10-onbuild 63 [24 24 27 31 63 63 63 63 63 63 63 63 63 63 63 63]
node 0.10.41-slim 24 [24 24 24 24 24 24 24]
node 0.10-slim 24 [24 24 24 24 24 24 24]
node 0.10.41-wheezy 87 [13 13 22 46 87 87 87 87 87 87]
node 0.10-wheezy 87 [13 13 22 46 87 87 87 87 87 87]
node 0.12.9 63 [24 24 27 31 63 63 63 63 63]
node 0.12 63 [24 24 27 31 63 63 63 63 63]
node 0 63 [24 24 27 31 63 63 63 63 63]
node 0.12.9-onbuild 0 [24 24 27 31 63 63 63 63 63 63 -1 -1 -1 -1 -1]
node 0.12-onbuild 0 [24 24 27 31 63 63 63 63 63 63 -1 -1 -1 -1 -1]
node 0-onbuild 0 [24 24 27 31 63 63 63 63 63 63 -1 -1 -1 -1 -1]
node 0.12.9-slim 24 [24 24 24 24 24 24]
node 0.12-slim 24 [24 24 24 24 24 24]
node 0-slim 24 [24 24 24 24 24 24]
node 0.12.9-wheezy 87 [13 13 22 46 87 87 87 87 87]
node 0.12-wheezy 87 [13 13 22 46 87 87 87 87 87]
node 0-wheezy 87 [13 13 22 46 87 87 87 87 87]
node 4.2.4 63 [24 24 27 31 63 63 63 63 63 63]
node 4.2 63 [24 24 27 31 63 63 63 63 63 63]
node 4 63 [24 24 27 31 63 63 63 63 63 63]
node argon 63 [24 24 27 31 63 63 63 63 63 63]
node 4.2.4-onbuild 63 [24 24 27 31 63 63 63 63 63 63 63 63 63 63 63 63]
node 4.2-onbuild 63 [24 24 27 31 63 63 63 63 63 63 63 63 63 63 63 63]
node 4-onbuild 63 [24 24 27 31 63 63 63 63 63 63 63 63 63 63 63 63]
node argon-onbuild 63 [24 24 27 31 63 63 63 63 63 63 63 63 63 63 63 63]
node 4.2.4-slim 27 [24 24 27 27 27 27 27 27]
node 4.2-slim 27 [24 24 27 27 27 27 27 27]
node 4-slim 27 [24 24 27 27 27 27 27 27]
node argon-slim 27 [24 24 27 27 27 27 27 27]
node 4.2.4-wheezy 87 [13 13 22 46 87 87 87 87 87 87]
node 4.2-wheezy 87 [13 13 22 46 87 87 87 87 87 87]
node 4-wheezy 87 [13 13 22 46 87 87 87 87 87 87]
node argon-wheezy 87 [13 13 22 46 87 87 87 87 87 87]
node 5.3.0 63 [24 24 27 31 63 63 63 63 63 63]
node 5.3 63 [24 24 27 31 63 63 63 63 63 63]
node 5 63 [24 24 27 31 63 63 63 63 63 63]
node latest 63 [24 24 27 31 63 63 63 63 63 63]
node 5.3.0-onbuild 63 [24 24 27 31 63 63 63 63 63 63 63 63 63 63 63 63]
node 5.3-onbuild 63 [24 24 27 31 63 63 63 63 63 63 63 63 63 63 63 63]
node 5-onbuild 63 [24 24 27 31 63 63 63 63 63 63 63 63 63 63 63 63]
node onbuild 63 [24 24 27 31 63 63 63 63 63 63 63 63 63 63 63 63]
node 5.3.0-slim 27 [24 24 27 27 27 27 27 27]
node 5.3-slim 27 [24 24 27 27 27 27 27 27]
node 5-slim 27 [24 24 27 27 27 27 27 27]
node slim 27 [24 24 27 27 27 27 27 27]
node 5.3.0-wheezy 87 [13 13 22 46 87 87 87 87 87 87]
node 5.3-wheezy 87 [13 13 22 46 87 87 87 87 87 87]
node 5-wheezy 87 [13 13 22 46 87 87 87 87 87 87]
node wheezy 87 [13 13 22 46 87 87 87 87 87 87]
Cannot find the image, try to pull.
nuxeo latest 0 []
Cannot find the image, try to pull.
nuxeo LTS-2015 0 []
Cannot find the image, try to pull.
nuxeo LTS 0 []
Cannot find the image, try to pull.
nuxeo 7.10 0 []
Cannot find the image, try to pull.
nuxeo 7 0 []
Cannot find the image, try to pull.
nuxeo 7.4 0 []
Cannot find the image, try to pull.
nuxeo LTS-2014 0 []
Cannot find the image, try to pull.
nuxeo 6 0 []
Cannot find the image, try to pull.
nuxeo 6.0 0 []
Cannot find the image, try to pull.
odoo 8.0 0 []
Cannot find the image, try to pull.
odoo 8 0 []
Cannot find the image, try to pull.
odoo 9.0 0 []
Cannot find the image, try to pull.
odoo 9 0 []
Cannot find the image, try to pull.
odoo latest 0 []
Cannot find the image, try to pull.
opensuse 13.2 0 []
Cannot find the image, try to pull.
opensuse harlequin 0 []
Cannot find the image, try to pull.
opensuse 42.1 0 []
Cannot find the image, try to pull.
opensuse leap 0 []
opensuse latest 0 [0 0]
opensuse tumbleweed 0 [0 0 0]
oraclelinux latest 0 [0 0 0]
Cannot find the image, try to pull.
oraclelinux 7 0 []
Cannot find the image, try to pull.
oraclelinux 7.2 0 []
Cannot find the image, try to pull.
oraclelinux 7.1 0 []
Cannot find the image, try to pull.
oraclelinux 7.0 0 []
Cannot find the image, try to pull.
oraclelinux 6 0 []
Cannot find the image, try to pull.
oraclelinux 6.7 0 []
oraclelinux 6.6 0 [0 0 0]
oraclelinux 5 0 [0 0 0]
oraclelinux 5.11 0 [0 0 0]
owncloud 7.0.12-apache 47 [24 24 38 47 47 47 47 47 47 47 47 47 47 47 47 47 47 47 47 47 47 47 47 47 47 47 47 47 47 47 47 47 47 47 47]
owncloud 7.0.12 47 [24 24 38 47 47 47 47 47 47 47 47 47 47 47 47 47 47 47 47 47 47 47 47 47 47 47 47 47 47 47 47 47 47 47 47]
owncloud 7.0-apache 47 [24 24 38 47 47 47 47 47 47 47 47 47 47 47 47 47 47 47 47 47 47 47 47 47 47 47 47 47 47 47 47 47 47 47 47]
owncloud 7.0 47 [24 24 38 47 47 47 47 47 47 47 47 47 47 47 47 47 47 47 47 47 47 47 47 47 47 47 47 47 47 47 47 47 47 47 47]
owncloud 7-apache 47 [24 24 38 47 47 47 47 47 47 47 47 47 47 47 47 47 47 47 47 47 47 47 47 47 47 47 47 47 47 47 47 47 47 47 47]
owncloud 7 47 [24 24 38 47 47 47 47 47 47 47 47 47 47 47 47 47 47 47 47 47 47 47 47 47 47 47 47 47 47 47 47 47 47 47 47]
Cannot find the image, try to pull.
owncloud 7.0.12-fpm 0 []
owncloud 7.0-fpm 47 [24 24 38 47 47 47 47 47 47 47 47 47 47 47 47 47 47 47 47 47 47 47 47 47 47 47 47 47]
owncloud 7-fpm 47 [24 24 38 47 47 47 47 47 47 47 47 47 47 47 47 47 47 47 47 47 47 47 47 47 47 47 47 47]
owncloud 8.0.10-apache 47 [24 24 38 47 47 47 47 47 47 47 47 47 47 47 47 47 47 47 47 47 47 47 47 47 47 47 47 47 47 47 47 47 47 47 47 47]
owncloud 8.0.10 47 [24 24 38 47 47 47 47 47 47 47 47 47 47 47 47 47 47 47 47 47 47 47 47 47 47 47 47 47 47 47 47 47 47 47 47 47]
owncloud 8.0-apache 47 [24 24 38 47 47 47 47 47 47 47 47 47 47 47 47 47 47 47 47 47 47 47 47 47 47 47 47 47 47 47 47 47 47 47 47 47]
owncloud 8.0 47 [24 24 38 47 47 47 47 47 47 47 47 47 47 47 47 47 47 47 47 47 47 47 47 47 47 47 47 47 47 47 47 47 47 47 47 47]
owncloud 8.0.10-fpm 47 [24 24 38 47 47 47 47 47 47 47 47 47 47 47 47 47 47 47 47 47 47 47 47 47 47 47 47 47 47]
owncloud 8.0-fpm 47 [24 24 38 47 47 47 47 47 47 47 47 47 47 47 47 47 47 47 47 47 47 47 47 47 47 47 47 47 47]
owncloud 8.1.5-apache 47 [24 24 38 47 47 47 47 47 47 47 47 47 47 47 47 47 47 47 47 47 47 47 47 47 47 47 47 47 47 47 47 47 47 47 47 47]
owncloud 8.1.5 47 [24 24 38 47 47 47 47 47 47 47 47 47 47 47 47 47 47 47 47 47 47 47 47 47 47 47 47 47 47 47 47 47 47 47 47 47]
owncloud 8.1-apache 47 [24 24 38 47 47 47 47 47 47 47 47 47 47 47 47 47 47 47 47 47 47 47 47 47 47 47 47 47 47 47 47 47 47 47 47 47]
owncloud 8.1 47 [24 24 38 47 47 47 47 47 47 47 47 47 47 47 47 47 47 47 47 47 47 47 47 47 47 47 47 47 47 47 47 47 47 47 47 47]
owncloud 8.1.5-fpm 47 [24 24 38 47 47 47 47 47 47 47 47 47 47 47 47 47 47 47 47 47 47 47 47 47 47 47 47 47 47]
owncloud 8.1-fpm 47 [24 24 38 47 47 47 47 47 47 47 47 47 47 47 47 47 47 47 47 47 47 47 47 47 47 47 47 47 47]
owncloud 8.2.2-apache 47 [24 24 38 47 47 47 47 47 47 47 47 47 47 47 47 47 47 47 47 47 47 47 47 47 47 47 47 47 47 47 47 47 47 47 47 47]
owncloud 8.2.2 47 [24 24 38 47 47 47 47 47 47 47 47 47 47 47 47 47 47 47 47 47 47 47 47 47 47 47 47 47 47 47 47 47 47 47 47 47]
owncloud 8.2-apache 47 [24 24 38 47 47 47 47 47 47 47 47 47 47 47 47 47 47 47 47 47 47 47 47 47 47 47 47 47 47 47 47 47 47 47 47 47]
owncloud 8.2 47 [24 24 38 47 47 47 47 47 47 47 47 47 47 47 47 47 47 47 47 47 47 47 47 47 47 47 47 47 47 47 47 47 47 47 47 47]
owncloud 8-apache 47 [24 24 38 47 47 47 47 47 47 47 47 47 47 47 47 47 47 47 47 47 47 47 47 47 47 47 47 47 47 47 47 47 47 47 47 47]
owncloud 8 47 [24 24 38 47 47 47 47 47 47 47 47 47 47 47 47 47 47 47 47 47 47 47 47 47 47 47 47 47 47 47 47 47 47 47 47 47]
owncloud apache 47 [24 24 38 47 47 47 47 47 47 47 47 47 47 47 47 47 47 47 47 47 47 47 47 47 47 47 47 47 47 47 47 47 47 47 47 47]
owncloud latest 47 [24 24 38 47 47 47 47 47 47 47 47 47 47 47 47 47 47 47 47 47 47 47 47 47 47 47 47 47 47 47 47 47 47 47 47 47]
owncloud 8.2.2-fpm 47 [24 24 38 47 47 47 47 47 47 47 47 47 47 47 47 47 47 47 47 47 47 47 47 47 47 47 47 47 47]
owncloud 8.2-fpm 47 [24 24 38 47 47 47 47 47 47 47 47 47 47 47 47 47 47 47 47 47 47 47 47 47 47 47 47 47 47]
owncloud 8-fpm 47 [24 24 38 47 47 47 47 47 47 47 47 47 47 47 47 47 47 47 47 47 47 47 47 47 47 47 47 47 47]
owncloud fpm 47 [24 24 38 47 47 47 47 47 47 47 47 47 47 47 47 47 47 47 47 47 47 47 47 47 47 47 47 47 47]
percona 5.5.46 24 [24 24 24 24 24 24 24 24 24 24 24 24 24 24 24]
percona 5.5 24 [24 24 24 24 24 24 24 24 24 24 24 24 24 24 24]
percona 5.6.27 24 [24 24 24 24 24 24 24 24 24 24 24 24 24 24 24]
percona 5.6 24 [24 24 24 24 24 24 24 24 24 24 24 24 24 24 24]
percona 5 24 [24 24 24 24 24 24 24 24 24 24 24 24 24 24 24]
percona latest 24 [24 24 24 24 24 24 24 24 24 24 24 24 24 24 24]
perl latest 63 [24 24 27 31 63 63 63 63 63 63 63 63 63]
perl 5 63 [24 24 27 31 63 63 63 63 63 63 63 63 63]
perl 5.22 63 [24 24 27 31 63 63 63 63 63 63 63 63 63]
perl 5.22.1 63 [24 24 27 31 63 63 63 63 63 63 63 63 63]
perl 5.20 63 [24 24 27 31 63 63 63 63 63 63 63 63 63]
perl 5.20.3 63 [24 24 27 31 63 63 63 63 63 63 63 63 63]
perl threaded 63 [24 24 27 31 63 63 63 63 63 63 63 63 63]
perl 5-threaded 63 [24 24 27 31 63 63 63 63 63 63 63 63 63]
perl 5.22-threaded 63 [24 24 27 31 63 63 63 63 63 63 63 63 63]
perl 5.22.1-threaded 63 [24 24 27 31 63 63 63 63 63 63 63 63 63]
perl 5.20-threaded 63 [24 24 27 31 63 63 63 63 63 63 63 63 63]
perl 5.20.3-threaded 63 [24 24 27 31 63 63 63 63 63 63 63 63 63]
php 5.5.30-cli 47 [24 24 38 47 47 47 47 47 47 47 47 47 47 47]
php 5.5-cli 47 [24 24 38 47 47 47 47 47 47 47 47 47 47 47]
php 5.5.30 47 [24 24 38 47 47 47 47 47 47 47 47 47 47 47]
php 5.5 47 [24 24 38 47 47 47 47 47 47 47 47 47 47 47]
php 5.5.30-apache 47 [24 24 38 47 47 47 47 47 47 47 47 47 47 47 47 47 47 47 47 47 47 47 47 47]
php 5.5-apache 47 [24 24 38 47 47 47 47 47 47 47 47 47 47 47 47 47 47 47 47 47 47 47 47 47]
php 5.5.30-fpm 47 [24 24 38 47 47 47 47 47 47 47 47 47 47 47 47 47 47 47]
Cannot find the image, try to pull.
php 5.5-fpm 0 []
Cannot find the image, try to pull.
php 5.6.16-cli 0 []
Cannot find the image, try to pull.
php 5.6-cli 0 []
Cannot find the image, try to pull.
php 5-cli 0 []
Cannot find the image, try to pull.
php 5.6.16 0 []
Cannot find the image, try to pull.
php 5.6 0 []
Cannot find the image, try to pull.
php 5 0 []
php 5.6.16-apache 47 [24 24 38 47 47 47 47 47 47 47 47 47 47 47 47 47 47 47 47 47 47 47 47 47]
php 5.6-apache 47 [24 24 38 47 47 47 47 47 47 47 47 47 47 47 47 47 47 47 47 47 47 47 47 47]
php 5-apache 47 [24 24 38 47 47 47 47 47 47 47 47 47 47 47 47 47 47 47 47 47 47 47 47 47]
php 5.6.16-fpm 47 [24 24 38 47 47 47 47 47 47 47 47 47 47 47 47 47 47 47]
php 5.6-fpm 47 [24 24 38 47 47 47 47 47 47 47 47 47 47 47 47 47 47 47]
php 5-fpm 47 [24 24 38 47 47 47 47 47 47 47 47 47 47 47 47 47 47 47]
php 7.0.1-cli 47 [24 24 38 47 47 47 47 47 47 47 47 47 47 47]
php 7.0-cli 47 [24 24 38 47 47 47 47 47 47 47 47 47 47 47]
php 7-cli 47 [24 24 38 47 47 47 47 47 47 47 47 47 47 47]
php cli 47 [24 24 38 47 47 47 47 47 47 47 47 47 47 47]
php 7.0.1 47 [24 24 38 47 47 47 47 47 47 47 47 47 47 47]
php 7.0 47 [24 24 38 47 47 47 47 47 47 47 47 47 47 47]
php 7 47 [24 24 38 47 47 47 47 47 47 47 47 47 47 47]
php latest 47 [24 24 38 47 47 47 47 47 47 47 47 47 47 47]
php 7.0.1-apache 47 [24 24 38 47 47 47 47 47 47 47 47 47 47 47 47 47 47 47 47 47 47 47 47 47]
php 7.0-apache 47 [24 24 38 47 47 47 47 47 47 47 47 47 47 47 47 47 47 47 47 47 47 47 47 47]
php 7-apache 47 [24 24 38 47 47 47 47 47 47 47 47 47 47 47 47 47 47 47 47 47 47 47 47 47]
php apache 47 [24 24 38 47 47 47 47 47 47 47 47 47 47 47 47 47 47 47 47 47 47 47 47 47]
php 7.0.1-fpm 47 [24 24 38 47 47 47 47 47 47 47 47 47 47 47 47 47 47 47]
php 7.0-fpm 47 [24 24 38 47 47 47 47 47 47 47 47 47 47 47 47 47 47 47]
php 7-fpm 47 [24 24 38 47 47 47 47 47 47 47 47 47 47 47 47 47 47 47]
php fpm 47 [24 24 38 47 47 47 47 47 47 47 47 47 47 47 47 47 47 47]
php-zendserver 5.5 1 [1 1 1 1 1 1 1 1 1 1 1 1 1 1 1 1 1 1 1 1 1 1 1 1 1]
php-zendserver 8.5-php5.5 1 [1 1 1 1 1 1 1 1 1 1 1 1 1 1 1 1 1 1 1 1 1 1 1 1 1]
php-zendserver 5.6 1 [1 1 1 1 1 1 1 1 1 1 1 1 1 1 1 1 1 1 1 1 1 1 1 1 1]
php-zendserver 8.5-php5.6 1 [1 1 1 1 1 1 1 1 1 1 1 1 1 1 1 1 1 1 1 1 1 1 1 1 1]
php-zendserver 8.5 1 [1 1 1 1 1 1 1 1 1 1 1 1 1 1 1 1 1 1 1 1 1 1 1 1 1]
php-zendserver 5.4 1 [1 1 1 1 1 1 1 1 1 1 1 1 1 1 1 1 1 1 1]
php-zendserver 7.0-php5.4 1 [1 1 1 1 1 1 1 1 1 1 1 1 1 1 1 1 1 1 1]
Cannot find the image, try to pull.
php-zendserver 9.0rc9-php7.0GA 0 []
php-zendserver latest 1 [1 1 1 1 1 1 1 1 1 1 1 1 1 1 1 1 1 1 1 1 1 1 1 1 1]
postgres 9.0.22 24 [24 24 24 24 24 24 24 24 24 24 24 24 24 24 24 24 24 24 24 24 24]
postgres 9.0 24 [24 24 24 24 24 24 24 24 24 24 24 24 24 24 24 24 24 24 24 24 24]
postgres 9.1.19 24 [24 24 24 24 24 24 24 24 24 24 24 24 24 24 24 24 24 24 24 24 24]
postgres 9.1 24 [24 24 24 24 24 24 24 24 24 24 24 24 24 24 24 24 24 24 24 24 24]
postgres 9.2.14 24 [24 24 24 24 24 24 24 24 24 24 24 24 24 24 24 24 24 24 24 24 24]
postgres 9.2 24 [24 24 24 24 24 24 24 24 24 24 24 24 24 24 24 24 24 24 24 24 24]
postgres 9.3.10 24 [24 24 24 24 24 24 24 24 24 24 24 24 24 24 24 24 24 24 24 24 24]
postgres 9.3 24 [24 24 24 24 24 24 24 24 24 24 24 24 24 24 24 24 24 24 24 24 24]
postgres 9.4.5 24 [24 24 24 24 24 24 24 24 24 24 24 24 24 24 24 24 24 24 24 24 24]
postgres 9.4 24 [24 24 24 24 24 24 24 24 24 24 24 24 24 24 24 24 24 24 24 24 24]
postgres 9 24 [24 24 24 24 24 24 24 24 24 24 24 24 24 24 24 24 24 24 24 24 24]
postgres latest 24 [24 24 24 24 24 24 24 24 24 24 24 24 24 24 24 24 24 24 24 24 24]
postgres 9.5-rc1 24 [24 24 24 24 24 24 24 24 24 24 24 24 24 24 24 24 24 24 24 24 24]
postgres 9.5 24 [24 24 24 24 24 24 24 24 24 24 24 24 24 24 24 24 24 24 24 24 24]
pypy 2-4.0.1 63 [24 24 27 31 63 63 63 63 63 63 63 63]
pypy 2-4.0 63 [24 24 27 31 63 63 63 63 63 63 63 63]
pypy 2-4 63 [24 24 27 31 63 63 63 63 63 63 63 63]
pypy 2 63 [24 24 27 31 63 63 63 63 63 63 63 63]
pypy 2-4.0.1-onbuild 63 [24 24 27 31 63 63 63 63 63 63 63 63 63 63 63 63 63]
pypy 2-4.0-onbuild 63 [24 24 27 31 63 63 63 63 63 63 63 63 63 63 63 63 63]
pypy 2-4-onbuild 63 [24 24 27 31 63 63 63 63 63 63 63 63 63 63 63 63 63]
pypy 2-onbuild 63 [24 24 27 31 63 63 63 63 63 63 63 63 63 63 63 63 63]
pypy 2-4.0.1-slim 24 [24 24 24 24 24 24 24 24 24]
pypy 2-4.0-slim 24 [24 24 24 24 24 24 24 24 24]
pypy 2-4-slim 24 [24 24 24 24 24 24 24 24 24]
pypy 2-slim 24 [24 24 24 24 24 24 24 24 24]
pypy 3-2.4.0 63 [24 24 27 31 63 63 63 63 63 63 63 63]
pypy 3-2.4 63 [24 24 27 31 63 63 63 63 63 63 63 63]
pypy 3-2 63 [24 24 27 31 63 63 63 63 63 63 63 63]
pypy 3 63 [24 24 27 31 63 63 63 63 63 63 63 63]
pypy latest 63 [24 24 27 31 63 63 63 63 63 63 63 63]
pypy 3-2.4.0-onbuild 63 [24 24 27 31 63 63 63 63 63 63 63 63 63 63 63 63 63]
pypy 3-2.4-onbuild 63 [24 24 27 31 63 63 63 63 63 63 63 63 63 63 63 63 63]
pypy 3-2-onbuild 63 [24 24 27 31 63 63 63 63 63 63 63 63 63 63 63 63 63]
pypy 3-onbuild 63 [24 24 27 31 63 63 63 63 63 63 63 63 63 63 63 63 63]
pypy onbuild 63 [24 24 27 31 63 63 63 63 63 63 63 63 63 63 63 63 63]
pypy 3-2.4.0-slim 24 [24 24 24 24 24 24 24 24 24]
pypy 3-2.4-slim 24 [24 24 24 24 24 24 24 24 24]
pypy 3-2-slim 24 [24 24 24 24 24 24 24 24 24]
pypy 3-slim 24 [24 24 24 24 24 24 24 24 24]
pypy slim 24 [24 24 24 24 24 24 24 24 24]
python 2.7.11 63 [24 24 27 31 63 63 63 63 63 63 63 63 63]
python 2.7 63 [24 24 27 31 63 63 63 63 63 63 63 63 63]
python 2 63 [24 24 27 31 63 63 63 63 63 63 63 63 63]
python 2.7.11-onbuild 63 [24 24 27 31 63 63 63 63 63 63 63 63 63 63 63 63 63 63]
Cannot find the image, try to pull.
python 2.7-onbuild 0 []
Cannot find the image, try to pull.
python 2-onbuild 0 []
Cannot find the image, try to pull.
python 2.7.11-slim 0 []
Cannot find the image, try to pull.
python 2.7-slim 0 []
Cannot find the image, try to pull.
python 2-slim 0 []
Cannot find the image, try to pull.
python 2.7.11-wheezy 0 []
Cannot find the image, try to pull.
python 2.7-wheezy 0 []
python 2-wheezy 87 [13 13 22 46 87 87 87 87 87 87 87 87 87]
python 3.2.6 63 [24 24 27 31 63 63 63 63 63 63 63 63 63]
python 3.2 63 [24 24 27 31 63 63 63 63 63 63 63 63 63]
python 3.2.6-onbuild 63 [24 24 27 31 63 63 63 63 63 63 63 63 63 63 63 63 63 63]
python 3.2-onbuild 63 [24 24 27 31 63 63 63 63 63 63 63 63 63 63 63 63 63 63]
python 3.2.6-slim 24 [24 24 24 24 24 24 24 24 24 24 24]
python 3.2-slim 24 [24 24 24 24 24 24 24 24 24 24 24]
python 3.2.6-wheezy 87 [13 13 22 46 87 87 87 87 87 87 87 87 87]
python 3.2-wheezy 87 [13 13 22 46 87 87 87 87 87 87 87 87 87]
python 3.3.6 63 [24 24 27 31 63 63 63 63 63 63 63 63 63]
python 3.3 63 [24 24 27 31 63 63 63 63 63 63 63 63 63]
python 3.3.6-onbuild 63 [24 24 27 31 63 63 63 63 63 63 63 63 63 63 63 63 63 63]
Cannot find the image, try to pull.
python 3.3-onbuild 0 []
Cannot find the image, try to pull.
python 3.3.6-slim 0 []
Cannot find the image, try to pull.
python 3.3-slim 0 []
Cannot find the image, try to pull.
python 3.3.6-wheezy 0 []
Cannot find the image, try to pull.
python 3.3-wheezy 0 []
Cannot find the image, try to pull.
python 3.4.4 0 []
Cannot find the image, try to pull.
python 3.4 0 []
Cannot find the image, try to pull.
python 3.4.4-onbuild 0 []
Cannot find the image, try to pull.
python 3.4-onbuild 0 []
python 3.4.4-slim 24 [24 24 24 24 24 24 24 24 24 24 24]
python 3.4-slim 24 [24 24 24 24 24 24 24 24 24 24 24]
python 3.4.4-wheezy 87 [13 13 22 46 87 87 87 87 87 87 87 87 87]
python 3.4-wheezy 87 [13 13 22 46 87 87 87 87 87 87 87 87 87]
python 3.5.1 63 [24 24 27 31 63 63 63 63 63 63 63 63 63]
python 3.5 63 [24 24 27 31 63 63 63 63 63 63 63 63 63]
python 3 63 [24 24 27 31 63 63 63 63 63 63 63 63 63]
python latest 63 [24 24 27 31 63 63 63 63 63 63 63 63 63]
python 3.5.1-onbuild 63 [24 24 27 31 63 63 63 63 63 63 63 63 63 63 63 63 63 63]
python 3.5-onbuild 63 [24 24 27 31 63 63 63 63 63 63 63 63 63 63 63 63 63 63]
python 3-onbuild 63 [24 24 27 31 63 63 63 63 63 63 63 63 63 63 63 63 63 63]
python onbuild 63 [24 24 27 31 63 63 63 63 63 63 63 63 63 63 63 63 63 63]
Cannot find the image, try to pull.
python 3.5.1-slim 0 []
Cannot find the image, try to pull.
python 3.5-slim 0 []
Cannot find the image, try to pull.
python 3-slim 0 []
Cannot find the image, try to pull.
python slim 0 []
Cannot find the image, try to pull.
r-base 3.2.2 0 []
Cannot find the image, try to pull.
r-base latest 0 []
Cannot find the image, try to pull.
rabbitmq 3.5.7 0 []
Cannot find the image, try to pull.
rabbitmq 3.5 0 []
Cannot find the image, try to pull.
rabbitmq 3 0 []
Cannot find the image, try to pull.
rabbitmq latest 0 []
Cannot find the image, try to pull.
rabbitmq 3.5.7-management 0 []
Cannot find the image, try to pull.
rabbitmq 3.5-management 0 []
Cannot find the image, try to pull.
rabbitmq 3-management 0 []
Cannot find the image, try to pull.
rabbitmq management 0 []
Cannot find the image, try to pull.
rails 4.2.5 0 []
Cannot find the image, try to pull.
rails 4.2 0 []
Cannot find the image, try to pull.
rails 4 0 []
rails latest 63 [24 24 27 31 63 63 63 63 63 63 63 63 63 63 63 63 63 63 63 63 63]
rails onbuild 63 [24 24 27 31 63 63 63 63 63 63 63 63 63 63 63 63 63 63 63 63 63 63 63 63 63 63 63 63]
rakudo-star 2015.11 31 [24 24 27 31 31 31 31 31 31]
rakudo-star latest 31 [24 24 27 31 31 31 31 31 31]
redis 2.6.17 24 [24 24 24 24 24 24 24 24 24 24 24 24 24 24 24 24 24]
redis 2.6 24 [24 24 24 24 24 24 24 24 24 24 24 24 24 24 24 24 24]
Cannot find the image, try to pull.
redis 2.6.17-32bit 0 []
redis 2.6-32bit 24 [24 24 24 24 24 24 24 24 24 24 24 24 24 24 24 24 24]
redis 2.8.23 24 [24 24 24 24 24 24 24 24 24 24 24 24 24 24 24 24 24]
redis 2.8 24 [24 24 24 24 24 24 24 24 24 24 24 24 24 24 24 24 24]
redis 2 24 [24 24 24 24 24 24 24 24 24 24 24 24 24 24 24 24 24]
redis 2.8.23-32bit 24 [24 24 24 24 24 24 24 24 24 24 24 24 24 24 24 24 24]
redis 2.8-32bit 24 [24 24 24 24 24 24 24 24 24 24 24 24 24 24 24 24 24]
redis 2-32bit 24 [24 24 24 24 24 24 24 24 24 24 24 24 24 24 24 24 24]
redis 3.0.6 24 [24 24 24 24 24 24 24 24 24 24 24 24 24 24 24 24 24]
redis 3.0 24 [24 24 24 24 24 24 24 24 24 24 24 24 24 24 24 24 24]
redis 3 24 [24 24 24 24 24 24 24 24 24 24 24 24 24 24 24 24 24]
redis latest 24 [24 24 24 24 24 24 24 24 24 24 24 24 24 24 24 24 24]
redis 3.0.6-32bit 24 [24 24 24 24 24 24 24 24 24 24 24 24 24 24 24 24 24]
redis 3.0-32bit 24 [24 24 24 24 24 24 24 24 24 24 24 24 24 24 24 24 24]
redis 3-32bit 24 [24 24 24 24 24 24 24 24 24 24 24 24 24 24 24 24 24]
redis 32bit 24 [24 24 24 24 24 24 24 24 24 24 24 24 24 24 24 24 24]
redmine 2.6.9 24 [24 24 24 24 24 24 24 24 24 24 24 24 24 24 24 24 24 24 24 24 24 24 24 24 24 24 24 24 24 24 24]
redmine 2.6 24 [24 24 24 24 24 24 24 24 24 24 24 24 24 24 24 24 24 24 24 24 24 24 24 24 24 24 24 24 24 24 24]
redmine 2 24 [24 24 24 24 24 24 24 24 24 24 24 24 24 24 24 24 24 24 24 24 24 24 24 24 24 24 24 24 24 24 24]
redmine 2.6.9-passenger 24 [24 24 24 24 24 24 24 24 24 24 24 24 24 24 24 24 24 24 24 24 24 24 24 24 24 24 24 24 24 24 24 24 24 24 24]
redmine 2.6-passenger 24 [24 24 24 24 24 24 24 24 24 24 24 24 24 24 24 24 24 24 24 24 24 24 24 24 24 24 24 24 24 24 24 24 24 24 24]
redmine 2-passenger 24 [24 24 24 24 24 24 24 24 24 24 24 24 24 24 24 24 24 24 24 24 24 24 24 24 24 24 24 24 24 24 24 24 24 24 24]
redmine 3.0.7 24 [24 24 24 24 24 24 24 24 24 24 24 24 24 24 24 24 24 24 24 24 24 24 24 24 24 24 24 24 24 24 24]
redmine 3.0 24 [24 24 24 24 24 24 24 24 24 24 24 24 24 24 24 24 24 24 24 24 24 24 24 24 24 24 24 24 24 24 24]
redmine 3 24 [24 24 24 24 24 24 24 24 24 24 24 24 24 24 24 24 24 24 24 24 24 24 24 24 24 24 24 24 24 24 24]
redmine latest 24 [24 24 24 24 24 24 24 24 24 24 24 24 24 24 24 24 24 24 24 24 24 24 24 24 24 24 24 24 24 24 24]
redmine 3.0.7-passenger 24 [24 24 24 24 24 24 24 24 24 24 24 24 24 24 24 24 24 24 24 24 24 24 24 24 24 24 24 24 24 24 24 24 24 24 24]
redmine 3.0-passenger 24 [24 24 24 24 24 24 24 24 24 24 24 24 24 24 24 24 24 24 24 24 24 24 24 24 24 24 24 24 24 24 24 24 24 24 24]
redmine 3-passenger 24 [24 24 24 24 24 24 24 24 24 24 24 24 24 24 24 24 24 24 24 24 24 24 24 24 24 24 24 24 24 24 24 24 24 24 24]
redmine passenger 24 [24 24 24 24 24 24 24 24 24 24 24 24 24 24 24 24 24 24 24 24 24 24 24 24 24 24 24 24 24 24 24 24 24 24 24]
registry latest 2 [2 2 2 2 2 2 2 2 2 2 2 2 2 2]
registry 0.8.1 2 [2 2 2 2 2 2 2 2 2 2 2 2 2 2 2 2]
registry 0.9.1 2 [2 2 2 2 2 2 2 2 2 2 2 2 2 2]
registry 2 2 [2 2 2 2 2 2 2 2 2 2 2]
registry 2.2 2 [2 2 2 2 2 2 2 2 2 2 2]
registry 2.2.1 2 [2 2 2 2 2 2 2 2 2 2 2]
rethinkdb 1.15.1 24 [24 24 24 24 24 24 24 24 24 24 24]
rethinkdb 1.15.2 24 [24 24 24 24 24 24 24 24 24 24 24]
rethinkdb 1.15.3 24 [24 24 24 24 24 24 24 24 24 24 24]
rethinkdb 1.15 24 [24 24 24 24 24 24 24 24 24 24 24]
rethinkdb 1.16.0 24 [24 24 24 24 24 24 24 24 24 24 24]
Cannot find the image, try to pull.
rethinkdb 1.16.1 0 []
Cannot find the image, try to pull.
rethinkdb 1.16.2 0 []
Cannot find the image, try to pull.
rethinkdb 1.16.3 0 []
Cannot find the image, try to pull.
rethinkdb 1.16 0 []
Cannot find the image, try to pull.
rethinkdb 1 0 []
Cannot find the image, try to pull.
rethinkdb 2.0.0 0 []
rethinkdb 2.0.1 24 [24 24 24 24 24 24 24 24 24 24 24]
rethinkdb 2.0.2 24 [24 24 24 24 24 24 24 24 24 24 24]
rethinkdb 2.0.3 24 [24 24 24 24 24 24 24 24 24 24 24]
rethinkdb 2.0.4 24 [24 24 24 24 24 24 24 24 24 24 24]
rethinkdb 2.0 24 [24 24 24 24 24 24 24 24 24 24 24]
rethinkdb 2.1.0 24 [24 24 24 24 24 24 24 24 24 24 24]
rethinkdb 2.1.1 24 [24 24 24 24 24 24 24 24 24 24 24]
rethinkdb 2.1.2 24 [24 24 24 24 24 24 24 24 24 24 24]
rethinkdb 2.1.3 24 [24 24 24 24 24 24 24 24 24 24 24]
rethinkdb 2.1.4 24 [24 24 24 24 24 24 24 24 24 24 24]
rethinkdb 2.1.5 24 [24 24 24 24 24 24 24 24 24 24 24]
rethinkdb 2.1 24 [24 24 24 24 24 24 24 24 24 24 24]
rethinkdb 2.2.0 24 [24 24 24 24 24 24 24 24 24 24 24]
Cannot find the image, try to pull.
rethinkdb 2.2.1 0 []
Cannot find the image, try to pull.
rethinkdb 2.2.2 0 []
Cannot find the image, try to pull.
rethinkdb 2.2 0 []
Cannot find the image, try to pull.
rethinkdb 2 0 []
Cannot find the image, try to pull.
rethinkdb latest 0 []
Cannot find the image, try to pull.
rocket.chat 0.9.0 0 []
Cannot find the image, try to pull.
rocket.chat 0.9 0 []
Cannot find the image, try to pull.
rocket.chat 0 0 []
Cannot find the image, try to pull.
rocket.chat latest 0 []
Cannot find the image, try to pull.
ros indigo-ros-core 0 []
Cannot find the image, try to pull.
ros indigo-ros-base 0 []
Cannot find the image, try to pull.
ros indigo-robot 0 []
Cannot find the image, try to pull.
ros indigo-perception 0 []
Cannot find the image, try to pull.
ros indigo 0 []
Cannot find the image, try to pull.
ros latest 0 []
Cannot find the image, try to pull.
ros jade-ros-core 0 []
Cannot find the image, try to pull.
ros jade-ros-base 0 []
ros jade-robot 2 [2 2 2 2 2 2 2 2 2 2 2 2 2 2 2 2 2 2 2 2]
ros jade-perception 2 [2 2 2 2 2 2 2 2 2 2 2 2 2 2 2 2 2 2 2 2]
ros jade 2 [2 2 2 2 2 2 2 2 2 2 2 2 2 2 2 2 2 2]
ruby 2.0.0-p648 63 [24 24 27 31 63 63 63 63 63 63 63 63 63 63 63 63 63]
ruby 2.0.0 63 [24 24 27 31 63 63 63 63 63 63 63 63 63 63 63 63 63]
ruby 2.0 63 [24 24 27 31 63 63 63 63 63 63 63 63 63 63 63 63 63]
ruby 2.0.0-p648-onbuild 63 [24 24 27 31 63 63 63 63 63 63 63 63 63 63 63 63 63 63 63 63 63 63 63 63]
ruby 2.0.0-onbuild 63 [24 24 27 31 63 63 63 63 63 63 63 63 63 63 63 63 63 63 63 63 63 63 63 63]
ruby 2.0-onbuild 63 [24 24 27 31 63 63 63 63 63 63 63 63 63 63 63 63 63 63 63 63 63 63 63 63]
ruby 2.0.0-p648-slim 24 [24 24 24 24 24 24 24 24 24 24 24 24 24 24 24]
ruby 2.0.0-slim 24 [24 24 24 24 24 24 24 24 24 24 24 24 24 24 24]
ruby 2.0-slim 24 [24 24 24 24 24 24 24 24 24 24 24 24 24 24 24]
ruby 2.1.8 63 [24 24 27 31 63 63 63 63 63 63 63 63 63 63 63 63 63]
ruby 2.1 63 [24 24 27 31 63 63 63 63 63 63 63 63 63 63 63 63 63]
ruby 2.1.8-onbuild 63 [24 24 27 31 63 63 63 63 63 63 63 63 63 63 63 63 63 63 63 63 63 63 63 63]
ruby 2.1-onbuild 63 [24 24 27 31 63 63 63 63 63 63 63 63 63 63 63 63 63 63 63 63 63 63 63 63]
ruby 2.1.8-slim 24 [24 24 24 24 24 24 24 24 24 24 24 24 24 24 24]
ruby 2.1-slim 24 [24 24 24 24 24 24 24 24 24 24 24 24 24 24 24]
ruby 2.2.4 63 [24 24 27 31 63 63 63 63 63 63 63 63 63 63 63 63 63]
ruby 2.2 63 [24 24 27 31 63 63 63 63 63 63 63 63 63 63 63 63 63]
ruby 2 63 [24 24 27 31 63 63 63 63 63 63 63 63 63 63 63 63 63]
ruby latest 63 [24 24 27 31 63 63 63 63 63 63 63 63 63 63 63 63 63]
ruby 2.2.4-onbuild 63 [24 24 27 31 63 63 63 63 63 63 63 63 63 63 63 63 63 63 63 63 63 63 63 63]
ruby 2.2-onbuild 63 [24 24 27 31 63 63 63 63 63 63 63 63 63 63 63 63 63 63 63 63 63 63 63 63]
ruby 2-onbuild 63 [24 24 27 31 63 63 63 63 63 63 63 63 63 63 63 63 63 63 63 63 63 63 63 63]
ruby onbuild 63 [24 24 27 31 63 63 63 63 63 63 63 63 63 63 63 63 63 63 63 63 63 63 63 63]
ruby 2.2.4-slim 24 [24 24 24 24 24 24 24 24 24 24 24 24 24 24 24]
ruby 2.2-slim 24 [24 24 24 24 24 24 24 24 24 24 24 24 24 24 24]
ruby 2-slim 24 [24 24 24 24 24 24 24 24 24 24 24 24 24 24 24]
ruby slim 24 [24 24 24 24 24 24 24 24 24 24 24 24 24 24 24]
sentry 7.7.0 63 [24 24 27 31 63 63 63 63 63 63 63 63 63 63 63 63 63 63 63 63 63 63 63 63 63 63 63]
sentry 7.7 63 [24 24 27 31 63 63 63 63 63 63 63 63 63 63 63 63 63 63 63 63 63 63 63 63 63 63 63]
sentry 7 63 [24 24 27 31 63 63 63 63 63 63 63 63 63 63 63 63 63 63 63 63 63 63 63 63 63 63 63]
sentry latest 63 [24 24 27 31 63 63 63 63 63 63 63 63 63 63 63 63 63 63 63 63 63 63 63 63 63 63 63]
solr 5.3.1 30 [24 24 27 27 27 27 27 27 27 30 30 30 30 30 30 30 30 30 30 30 30 30 30 30 30 30 30]
solr 5.3 30 [24 24 27 27 27 27 27 27 27 30 30 30 30 30 30 30 30 30 30 30 30 30 30 30 30 30 30]
solr 5.4.0 30 [24 24 27 27 27 27 27 27 27 30 30 30 30 30 30 30 30 30 30 30 30 30 30 30 30 30]
solr 5.4 30 [24 24 27 27 27 27 27 27 27 30 30 30 30 30 30 30 30 30 30 30 30 30 30 30 30 30]
solr 5 30 [24 24 27 27 27 27 27 27 27 30 30 30 30 30 30 30 30 30 30 30 30 30 30 30 30 30]
solr latest 30 [24 24 27 27 27 27 27 27 27 30 30 30 30 30 30 30 30 30 30 30 30 30 30 30 30 30]
sonarqube latest 0 [0 0 0 0 0 0 0 0 0 0 0 0 0 0 0 0 0 0 0 0 0 0 0 0 0]
sonarqube 5.2 0 [0 0 0 0 0 0 0 0 0 0 0 0 0 0 0 0 0 0 0 0 0 0 0 0 0]
sonarqube lts 0 [0 0 0 0 0 0 0 0 0 0 0 0 0 0 0 0 0 0 0 0 0 0 0 0 0 0]
sonarqube 4.5.6 0 [0 0 0 0 0 0 0 0 0 0 0 0 0 0 0 0 0 0 0 0 0 0 0 0 0 0]
Cannot find the image, try to pull.
sourcemage latest 0 []
Cannot find the image, try to pull.
sourcemage 0.61 0 []
Cannot find the image, try to pull.
swarm 1.0.0 0 []
swarm 1.0.1 0 [0 0 0 0 0 0 0 0]
swarm latest 0 [0 0 0 0 0 0 0 0]
thrift 0.9 13 [13 13 13 13 13 13]
thrift 0.9.2 13 [13 13 13 13 13 13]
thrift latest 13 [13 13 13 13 13 13]
Cannot find the image, try to pull.
tomcat 6.0.44-jre7 0 []
Cannot find the image, try to pull.
tomcat 6.0-jre7 0 []
Cannot find the image, try to pull.
tomcat 6-jre7 0 []
tomcat 6.0.44 27 [24 24 27 27 27 27 27 27 27 27 27 27 27 27 27 27 27 27 27]
tomcat 6.0 27 [24 24 27 27 27 27 27 27 27 27 27 27 27 27 27 27 27 27 27]
tomcat 6 27 [24 24 27 27 27 27 27 27 27 27 27 27 27 27 27 27 27 27 27]
tomcat 6.0.44-jre8 30 [24 24 27 27 27 27 27 27 27 30 30 30 30 30 30 30 30 30 30 30 30 30 30]
tomcat 6.0-jre8 30 [24 24 27 27 27 27 27 27 27 30 30 30 30 30 30 30 30 30 30 30 30 30 30]
tomcat 6-jre8 30 [24 24 27 27 27 27 27 27 27 30 30 30 30 30 30 30 30 30 30 30 30 30 30]
tomcat 7.0.67-jre7 27 [24 24 27 27 27 27 27 27 27 27 27 27 27 27 27 27 27 27 27]
tomcat 7.0-jre7 27 [24 24 27 27 27 27 27 27 27 27 27 27 27 27 27 27 27 27 27]
tomcat 7-jre7 27 [24 24 27 27 27 27 27 27 27 27 27 27 27 27 27 27 27 27 27]
tomcat 7.0.67 27 [24 24 27 27 27 27 27 27 27 27 27 27 27 27 27 27 27 27 27]
tomcat 7.0 27 [24 24 27 27 27 27 27 27 27 27 27 27 27 27 27 27 27 27 27]
tomcat 7 27 [24 24 27 27 27 27 27 27 27 27 27 27 27 27 27 27 27 27 27]
Cannot find the image, try to pull.
tomcat 7.0.67-jre8 0 []
tomcat 7.0-jre8 30 [24 24 27 27 27 27 27 27 27 30 30 30 30 30 30 30 30 30 30 30 30 30 30]
tomcat 7-jre8 30 [24 24 27 27 27 27 27 27 27 30 30 30 30 30 30 30 30 30 30 30 30 30 30]
tomcat 8.0.30-jre7 27 [24 24 27 27 27 27 27 27 27 27 27 27 27 27 27 27 27 27 27]
tomcat 8.0-jre7 27 [24 24 27 27 27 27 27 27 27 27 27 27 27 27 27 27 27 27 27]
tomcat 8-jre7 27 [24 24 27 27 27 27 27 27 27 27 27 27 27 27 27 27 27 27 27]
tomcat jre7 27 [24 24 27 27 27 27 27 27 27 27 27 27 27 27 27 27 27 27 27]
tomcat 8.0.30 27 [24 24 27 27 27 27 27 27 27 27 27 27 27 27 27 27 27 27 27]
tomcat 8.0 27 [24 24 27 27 27 27 27 27 27 27 27 27 27 27 27 27 27 27 27]
tomcat 8 27 [24 24 27 27 27 27 27 27 27 27 27 27 27 27 27 27 27 27 27]
tomcat latest 27 [24 24 27 27 27 27 27 27 27 27 27 27 27 27 27 27 27 27 27]
tomcat 8.0.30-jre8 30 [24 24 27 27 27 27 27 27 27 30 30 30 30 30 30 30 30 30 30 30 30 30 30]
tomcat 8.0-jre8 30 [24 24 27 27 27 27 27 27 27 30 30 30 30 30 30 30 30 30 30 30 30 30 30]
tomcat 8-jre8 30 [24 24 27 27 27 27 27 27 27 30 30 30 30 30 30 30 30 30 30 30 30 30 30]
tomcat jre8 30 [24 24 27 27 27 27 27 27 27 30 30 30 30 30 30 30 30 30 30 30 30 30 30]
tomee 6-jre-1.7.3-jaxrs 22 [13 13 22 22 22 22 22 22 22 22 22 22 22 22 22 22]
Cannot find the image, try to pull.
tomee 6-jre-1.7.3-plume 0 []
tomee 6-jre-1.7.3-plus 22 [13 13 22 22 22 22 22 22 22 22 22 22 22 22 22 22]
tomee 6-jre-1.7.3-webprofile 22 [13 13 22 22 22 22 22 22 22 22 22 22 22 22 22 22]
Cannot find the image, try to pull.
tomee 7-jre-1.7.3-jaxrs 0 []
Cannot find the image, try to pull.
tomee 7-jre-1.7.3-plume 0 []
Cannot find the image, try to pull.
tomee 7-jre-1.7.3-plus 0 []
Cannot find the image, try to pull.
tomee 7-jre-1.7.3-webprofile 0 []
Cannot find the image, try to pull.
tomee 7-jre-7.0.0-M1-plume 0 []
Cannot find the image, try to pull.
tomee 7-jre-7.0.0-M1-plus 0 []
Cannot find the image, try to pull.
tomee 7-jre-7.0.0-M1-webprofile 0 []
Cannot find the image, try to pull.
tomee 8-jre-1.7.3-jaxrs 0 []
Cannot find the image, try to pull.
tomee 8-jre-1.7.3-plume 0 []
Cannot find the image, try to pull.
tomee 8-jre-1.7.3-plus 0 []
tomee 8-jre-1.7.3-webprofile 30 [24 24 27 27 27 27 27 27 27 30 30 30 30 30 30 30 30 30 30 30]
tomee 8-jre-7.0.0-M1-plume 30 [24 24 27 27 27 27 27 27 27 30 30 30 30 30 30 30 30 30 30 30]
tomee 8-jre-7.0.0-M1-plus 30 [24 24 27 27 27 27 27 27 27 30 30 30 30 30 30 30 30 30 30 30]
tomee 8-jre-7.0.0-M1-webprofile 30 [24 24 27 27 27 27 27 27 27 30 30 30 30 30 30 30 30 30 30 30]
ubuntu 12.04.5 1 [1 1 1 1]
ubuntu 12.04 0 [0 0 0 0]
ubuntu precise-20151208 1 [1 1 1 1]
ubuntu precise 1 [1 1 1 1]
ubuntu 14.04.3 2 [2 2 2 2]
ubuntu 14.04 0 [0 0 0 0]
ubuntu trusty-20151208 2 [2 2 2 2]
ubuntu trusty 2 [2 2 2 2]
ubuntu latest 2 [2 2 2 2]
ubuntu 15.04 0 [0 0 0 0]
ubuntu vivid-20151208 0 [0 0 0 0]
ubuntu vivid 0 [0 0 0 0]
ubuntu 15.10 0 [0 0 0 0]
ubuntu wily-20151208 0 [0 0 0 0]
ubuntu wily 0 [0 0 0 0]
Cannot find the image, try to pull.
ubuntu 16.04 0 []
ubuntu xenial-20151218.1 0 [0 0 0 0]
ubuntu xenial 0 [0 0 0 0]
ubuntu-debootstrap 12.04.5 0 [0 0]
ubuntu-debootstrap 12.04 0 [0 0]
ubuntu-debootstrap precise 0 [0 0]
ubuntu-debootstrap 14.04.3 0 [0 0]
ubuntu-debootstrap 14.04 0 [0 0]
ubuntu-debootstrap trusty 0 [0 0]
ubuntu-debootstrap latest 0 [0 0]
ubuntu-debootstrap 15.04 0 [0 0]
ubuntu-debootstrap vivid 0 [0 0]
ubuntu-debootstrap 15.10 0 [0 0]
ubuntu-debootstrap wily 0 [0 0]
ubuntu-debootstrap devel 0 [0 0]
ubuntu-upstart 12.04 0 [0 0 0 0 0 0 0 0 0 0 0 0 0 0 0]
ubuntu-upstart precise 0 [0 0 0 0 0 0 0 0 0 0 0 0 0 0 0]
Cannot find the image, try to pull.
ubuntu-upstart 14.04 0 []
ubuntu-upstart trusty 2 [2 2 2 2 2 2 2 2 2 2 2 2 2 2 2]
ubuntu-upstart latest 2 [2 2 2 2 2 2 2 2 2 2 2 2 2 2 2]
ubuntu-upstart 14.10 0 [0 0 0 0 0 0 0 0 0 0 0 0 0 0 0]
ubuntu-upstart utopic 0 [0 0 0 0 0 0 0 0 0 0 0 0 0 0 0]
websphere-liberty kernel 2 [2 2 2 2 2 2 2 2 2 2 2 2 2 2 2 2 2 2 2]
websphere-liberty 8.5.5.8-kernel 2 [2 2 2 2 2 2 2 2 2 2 2 2 2 2 2 2 2 2 2]
websphere-liberty common 2 [2 2 2 2 2 2 2 2 2 2 2 2 2 2 2 2 2 2 2 2]
websphere-liberty 8.5.5.8-common 2 [2 2 2 2 2 2 2 2 2 2 2 2 2 2 2 2 2 2 2 2]
websphere-liberty webProfile6 2 [2 2 2 2 2 2 2 2 2 2 2 2 2 2 2 2 2 2 2 2 2 2]
websphere-liberty 8.5.5.8-webProfile6 2 [2 2 2 2 2 2 2 2 2 2 2 2 2 2 2 2 2 2 2 2 2 2]
websphere-liberty webProfile7 2 [2 2 2 2 2 2 2 2 2 2 2 2 2 2 2 2 2 2 2 2 2 2]
websphere-liberty 8.5.5.8-webProfile7 2 [2 2 2 2 2 2 2 2 2 2 2 2 2 2 2 2 2 2 2 2 2 2]
websphere-liberty javaee7 2 [2 2 2 2 2 2 2 2 2 2 2 2 2 2 2 2 2 2 2 2 2 2 2 2]
websphere-liberty 8.5.5.8-javaee7 2 [2 2 2 2 2 2 2 2 2 2 2 2 2 2 2 2 2 2 2 2 2 2 2 2]
websphere-liberty 8.5.5.8 2 [2 2 2 2 2 2 2 2 2 2 2 2 2 2 2 2 2 2 2 2 2 2 2 2]
websphere-liberty 8.5.5 2 [2 2 2 2 2 2 2 2 2 2 2 2 2 2 2 2 2 2 2 2 2 2 2 2]
websphere-liberty latest 2 [2 2 2 2 2 2 2 2 2 2 2 2 2 2 2 2 2 2 2 2 2 2 2 2]
websphere-liberty beta 2 [2 2 2 2 2 2 2 2 2 2 2 2 2 2 2 2 2 2 2 2]
wordpress 4.4.0-apache 47 [24 24 38 47 47 47 47 47 47 47 47 47 47 47 47 47 47 47 47 47 47 47 47 47 47 47 47 47 47 47 47 47 47 47]
wordpress 4.4.0 47 [24 24 38 47 47 47 47 47 47 47 47 47 47 47 47 47 47 47 47 47 47 47 47 47 47 47 47 47 47 47 47 47 47 47]
wordpress 4.4-apache 47 [24 24 38 47 47 47 47 47 47 47 47 47 47 47 47 47 47 47 47 47 47 47 47 47 47 47 47 47 47 47 47 47 47 47]
wordpress 4.4 47 [24 24 38 47 47 47 47 47 47 47 47 47 47 47 47 47 47 47 47 47 47 47 47 47 47 47 47 47 47 47 47 47 47 47]
wordpress 4-apache 47 [24 24 38 47 47 47 47 47 47 47 47 47 47 47 47 47 47 47 47 47 47 47 47 47 47 47 47 47 47 47 47 47 47 47]
wordpress apache 47 [24 24 38 47 47 47 47 47 47 47 47 47 47 47 47 47 47 47 47 47 47 47 47 47 47 47 47 47 47 47 47 47 47 47]
wordpress 4 47 [24 24 38 47 47 47 47 47 47 47 47 47 47 47 47 47 47 47 47 47 47 47 47 47 47 47 47 47 47 47 47 47 47 47]
wordpress latest 47 [24 24 38 47 47 47 47 47 47 47 47 47 47 47 47 47 47 47 47 47 47 47 47 47 47 47 47 47 47 47 47 47 47 47]
wordpress 4.4.0-fpm 47 [24 24 38 47 47 47 47 47 47 47 47 47 47 47 47 47 47 47 47 47 47 47 47 47 47 47 47]
wordpress 4.4-fpm 47 [24 24 38 47 47 47 47 47 47 47 47 47 47 47 47 47 47 47 47 47 47 47 47 47 47 47 47]
wordpress 4-fpm 47 [24 24 38 47 47 47 47 47 47 47 47 47 47 47 47 47 47 47 47 47 47 47 47 47 47 47 47]
wordpress fpm 47 [24 24 38 47 47 47 47 47 47 47 47 47 47 47 47 47 47 47 47 47 47 47 47 47 47 47 47]
